4
5
6
7
8
9
10
11
12
13
14
15
16
17
18
24
25
26
27
28
29
30
31
32
33
34
35
36
37
38
44
45
46
47
48
49
50
51
52
53
54
61
62
63
64
65
66
67
68
74
75
76
77
78
86
96
98
100
102
104
106
115
119
120
121
125
126
131
134
136
139
142
149
152
154
254
255
257
258
259
260
261
262
263
264
265
266
267
268
269
270
271
272
273
280
281
282
283
284
285
286
287
288
289
290
291
300
301
302
303
304
305
306
316
317
318
445
446
447
448
449
450
451
452
453
454
455
456
457
458
459
460
461
469
470
471
472
473
474
475
476
477
478
479
480
481
488
489
490
491
492
493
494
495
496
497
505
506
507
508
509
510
519
541
542
543
544
545
546
547
548
549
550
551
552
553
554
555
560
561
562
563
564
565
566
567
568
569
570
571
572
573
574
575
580
581
582
583
584
585
586
587
588
589
590
591
592
596
597
598
599
600
601
602
603
604
605
606
610
611
612
613
614
615
616
617
620
621
622
623
624
625
628
629
630
632
728
729
730
731
732
733
734
735
736
737
738
739
740
741
742
743
744
745
746
747
748
749
750
751
752
753
754
755
756
757
758
759
760
761
762
763
764
765
766
767
768
769
770
771
772
773
774
775
776
777
778
779
780
781
782
783
784
785
786
787
788
789
790
791
792
793
794
795
796
797
798
799
800
801
802
803
804
805
806
807
808
809
810
811
812
813
814
815
816
817
818
819
820
821
822
823
824
825
827
840
841
842
843
844
861
862
863
864
879
880
893
894
921
922
923
924
925
926
927
928
929
930
931
932
933
934
943
944
945
946
947
948
949
950
951
952
953
965
966
967
968
969
970
982
983
1054
1070
1071
1083
1084
1085
1093
1094
1095
1096
1100
1101
1102
1103
1104
1106
1107
1108
1109
1110
1111
1112
1113
1114
1115
1116
1117
1118
1119
1120
1121
1122
1123
1124
1125
1126
1127
1128
1129
1130
1131
1132
1133
1134
1135
1136
1137
1138
1139
1140
1141
1142
1143
1144
1145
1146
1147
1148
1149
1150
1151
1152
1153
1154
1155
1156
1157
1158
1159
1160
1161
1162
1163
1164
1165
1166
1167
1168
1169
1170
1171
1172
1173
1174
1175
1176
1177
1178
1179
1180
1181
1182
1183
1184
1185
1186
1187
1188
1189
1190
1191
1192
1193
1194
1195
1196
1197
1198
1199
1200
1201
1202
1206
1208
1209
1210
1211
1212
1213
1214
1215
1216
1217
1218
1219
1225
1226
1227
1228
1229
1230
1231
1232
1233
1234
1235
1236
1237
1238
1239
1245
1246
1247
1248
1249
1250
1251
1252
1253
1254
1255
1261
1262
1263
1264
1265
1266
1267
1268
1269
1270
1275
1276
1277
1278
1279
1280
1281
1282
1285
1286
1287
1288
1289
1290
1291
1293
1294
1295
1296
1297
1393
1394
1395
1396
1397
1398
1399
1400
1401
1402
1403
1404
1405
1406
1407
1408
1409
1410
1411
1412
1413
1414
1417
1418
1419
1420
1421
1422
1423
1424
1425
1426
1427
1428
1429
1430
1431
1432
1433
1434
1436
1437
1438
1439
1440
1441
1442
1443
1444
1445
1446
1447
1448
1449
1450
1452
1453
1454
1455
1456
1457
1458
1459
1460
1461
1462
1463
1464
1465
1466
1467
1468
1469
1470
1471
1472
1473
1474
1476
1477
1478
1479
1480
1481
1482
1484
1486
1558
1559
1568
1569
1570
1576
1577
1578
1580
1581
1582
1583
1584
1585
1586
1587
1588
1589
1590
1591
1592
1593
1594
1595
1596
1597
1598
1599
1600
1601
1602
1603
1604
1605
1606
1607
1608
1609
1610
1611
1612
1613
1614
1615
1616
1617
1618
1619
1620
1621
1622
1623
1625
1626
1627
1628
1629
1630
1631
1632
1633
1634
1635
1636
1637
1638
1639
1640
1641
1642
1643
1644
1645
1646
1647
1648
1649
1650
1651
1652
1653
1655
1656
1657
1658
1659
1660
1661
1662
1663
1664
1665
1666
1667
1668
1669
1670
1671
1673
1674
1675
1676
1677
1773
1774
1775
1776
1777
1778
1787
1788
1789
1790
1791
1792
1793
1794
1795
1796
1797
1798
1799
1800
1801
1806
1807
1808
1809
1810
1811
1812
1813
1814
1815
1816
1817
1818
1819
1820
1821
1822
1823
1824
1825
1826
1827
1828
1829
1830
1831
1832
1833
1834
1835
1836
1837
1838
1839
1840
1841
1842
1843
1844
1845
1846
1847
1848
1849
1850
1851
1852
1853
1854
1855
1856
1857
1858
1859
1860
1861
1862
1863
1864
1865
1866
1867
1868
1869
1870
1872
1875
1876
1877
1878
1879
1880
1881
1882
1883
1884
1885
1886
1887
1888
1897
1898
1899
1900
1901
1902
1903
1904
1905
1906
1907
1915
1916
1917
1918
1919
1920
1921
1922
1923
1934
1935
1936
1944
2058
2059
2060
2062
2065
2066
2067
2068
2069
2070
2071
2072
2073
2074
2075
2076
2077
2078
2079
2088
2089
2090
2091
2092
2093
2094
2095
2096
2097
2098
2099
2107
2108
2109
2110
2111
2112
2113
2114
2115
2153
2154
2155
2157
2158
2159
2160
2161
2162
2163
2164
2165
2166
2167
2168
2169
2170
2171
2172
2173
2174
2178
2179
2180
2181
2182
2183
2184
2185
2186
2187
2188
2189
2190
2191
2192
2193
2194
2196
2197
2198
2199
2200
2201
2202
2203
2204
2205
2206
2207
2208
2209
2210
2211
2212
2213
2214
2215
2216
2217
2218
2219
2220
2221
2222
2223
2224
2225
2226
2227
2228
2229
2230
2231
2232
2233
2234
2235
2236
2237
2238
2239
2240
2241
2242
2243
2244
2245
2246
2247
2343
2344
2345
2347
2348
2349
2350
2351
2352
2353
2354
2355
2356
2357
2358
2359
2360
2361
2362
2363
2364
2369
2370
2371
2372
2373
2374
2375
2376
2377
2378
2379
2380
2381
2382
2383
2388
2389
2390
2391
2392
2393
2394
2395
2396
2397
2398
2399
2400
2404
2405
2406
2407
2408
2409
2410
2411
2412
2413
2417
2418
2419
2420
2421
2422
2423
2424
2427
2428
2429
2430
2431
2434
2435
2436
2445
2447
2448
2449
2450
2451
2723
2724
2725
2726
2727
2728
2729
2730
2731
2732
2733
2734
2735
2736
2737
2738
2739
2740
2741
2742
2743
2744
2745
2746
2747
2748
2749
2750
2751
2752
2753
2754
2755
2756
2757
2758
2759
2760
2761
2762
2763
2764
2765
2766
2767
2768
2769
2770
2771
2772
2773
2774
2775
2776
2777
2778
2779
2780
2781
2782
2783
2784
2785
2786
2787
2788
2789
2790
2791
2792
2793
2794
2795
2796
2797
2798
2799
2800
2801
2802
2803
2804
2805
2806
2807
2808
2809
2810
2811
2812
2813
2814
2815
2816
2817
2913
2914
2915
2916
2917
2918
2919
2920
2921
2922
2923
2924
2925
2926
2927
2928
2929
2930
2931
2932
2933
2934
2935
2936
2937
2938
2939
2940
2941
2942
2943
2944
2945
2946
2947
2948
2949
2950
2951
2952
2953
2954
2955
2956
2957
2958
2959
2960
2961
2962
2963
2964
2965
2966
2967
2968
2969
2970
2971
2972
2973
2974
2975
2976
2977
2978
2979
2980
2981
2982
2983
2984
2985
2986
2987
2988
2989
2990
2991
2992
2993
2994
2995
2996
2997
2998
2999
3000
3001
3002
3003
3004
3005
3006
3007
3109
3111
3112
3113
3114
3115
3133
3134
3198
3199
3200
3201
3202
3203
3204
3205
3206
3207
3208
3209
3210
3211
3212
3213
3214
3215
3216
3217
3218
3219
3220
3221
3222
3223
3224
3225
3226
3227
3228
3229
3230
3231
3232
3233
3234
3235
3236
3237
3238
3239
3240
3241
3242
3243
3244
3245
3246
3247
3248
3249
3250
3251
3252
3253
3254
3255
3256
3257
3258
3259
3260
3261
3262
3263
3264
3265
3266
3267
3268
3269
3270
3271
3272
3273
3274
3275
3276
3277
3278
3279
3280
3281
3282
3283
3284
3285
3286
3287
3288
3289
3290
3291
3292
3296
3298
3299
3315
3316
3317
3318
3319
3320
3321
3335
3336
3337
3338
3339
3351
3352
3353
3354
3355
3365
3366
3367
3375
3376
3377
3383
3391
3393
3394
3396
3397
3398
3399
3400
3401
3410
3411
3412
3413
3414
3415
3416
3417
3418
3419
3420
3421
3430
3431
3432
3433
3434
3435
3436
3437
3438
3446
3447
3448
3449
3450
3451
3452
3488
3489
3491
3492
3493
3494
3513
3514
3580
3581
3582
3583
3584
3585
3586
3587
3588
3589
3590
3591
3592
3593
3594
3595
3596
3597
3600
3601
3602
3603
3604
3605
3606
3607
3608
3609
3610
3611
3612
3613
3614
3615
3616
3617
3620
3621
3622
3623
3624
3625
3626
3627
3628
3629
3630
3631
3632
3633
3634
3636
3637
3638
3639
3640
3641
3642
3643
3644
3645
3646
3647
3648
3649
3650
3651
3652
3653
3654
3655
3656
3657
3658
3659
3660
3661
3662
3663
3664
3665
3666
3667
3668
3669
3670
3671
3672
3771
3773
3774
3775
3776
3777
3778
3779
3780
3781
3782
3783
3784
3790
3791
3792
3793
3794
3795
3796
3797
3798
3799
3800
3801
3802
3803
3804
3805
3810
3811
3812
3813
3814
3815
3816
3817
3818
3819
3820
3821
3822
3826
3827
3828
3829
3830
3831
3832
3833
3834
3835
3836
3840
3841
3842
3843
3844
3845
3846
3847
3850
3851
3852
3853
3854
3859
3863
3864
3865
3866
3867
3868
3869
3870
3871
3872
3873
3874
3875
3876
3877
3878
3879
3880
3881
3882
3883
3884
3885
3886
3887
3888
3889
3890
3891
3892
3893
3894
3895
3896
3897
3898
3899
3900
3901
3902
3903
3904
3905
3906
3907
3908
3909
3910
3911
3912
3913
3914
3915
3916
3917
3918
3919
3920
3921
3922
3923
3924
3925
3926
3927
3928
3929
3930
3931
3932
3933
3934
3935
3936
3937
3938
3939
3940
3941
3942
3943
3944
3945
3946
3947
3948
3949
3950
3951
3952
3953
3954
3955
3956
3957
4246
4248
4249
4250
4251
4252
4253
4254
4255
4256
4257
4265
4266
4267
4268
4269
4270
4271
4272
4273
4274
4275
4276
4277
4285
4286
4287
4288
4289
4290
4291
4292
4293
4294
4301
4302
4303
4304
4305
4306
4307
4308
4315
4316
4317
4318
4319
4320
4325
4326
4327
4333
4337
5024
5042
5043
5044
5059
5060
5072
5073
5074
5082
5083
5084
5090
5091
5092
5094
5095
5096
5097
5200
5201
5202
5203
5204
5205
5206
5224
5288
5289
5290
5291
5292
5293
5294
5295
5296
5297
5298
5299
5300
5301
5302
5303
5304
5305
5306
5307
5308
5309
5310
5311
5312
5313
5314
5315
5316
5317
5318
5319
5320
5321
5322
5323
5324
5325
5326
5327
5328
5329
5330
5331
5332
5333
5334
5335
5336
5337
5338
5339
5340
5341
5342
5343
5344
5345
5346
5347
5348
5349
5350
5351
5352
5353
5354
5355
5356
5357
5358
5359
5360
5361
5362
5363
5364
5365
5366
5367
5368
5369
5370
5371
5372
5373
5374
5375
5376
5377
5378
5379
5380
5381
5382
5383
5384
5385
5386
5387
5388
5389
5390
5391
5392
5393
5394
5395
5396
5397
5398
5399
5400
5401
5402
5403
5404
5405
5406
5407
5408
5409
5410
5411
5412
5413
5414
5415
5416
5417
5418
5419
5420
5421
5422
5423
5424
5425
5426
5427
5428
5429
5430
5431
5432
5433
5434
5435
5436
5437
5438
5439
5440
5441
5442
5443
5444
5445
5446
5447
5448
5449
5450
5451
5452
5453
5454
5455
5456
5457
5458
5459
5460
5461
5462
5463
5464
5465
5466
5467
5468
5469
5470
5471
5472
5473
5474
5475
5476
5477
5478
5479
5480
5481
5482
5483
5484
5485
5486
5487
5488
5489
5490
5491
5492
5493
5494
5495
5496
5497
5498
5499
5500
5501
5502
5503
5504
5505
5506
5507
5508
5509
5510
5511
5512
5513
5514
5515
5516
5517
5518
5519
5520
5521
5522
5523
5524
5525
5526
5527
5528
5529
5530
5531
5532
5533
5534
5535
5536
5537
5538
5539
5540
5541
5542
5543
5544
5545
5546
5547
5548
5549
5550
5551
5552
5553
5554
5555
5556
5557
5558
5559
5560
5561
5562
5563
5564
5565
5566
5567
5568
5569
5570
5571
5572
5668
5669
5670
5672
5674
5675
5676
5677
5678
5679
5680
5681
5682
5683
5684
5685
5686
5687
5688
5689
5696
5697
5698
5699
5700
5701
5702
5703
5704
5705
5706
5707
5708
5709
5716
5717
5718
5719
5720
5721
5722
5723
5724
5725
5732
5733
5734
5735
5736
5737
5738
5739
5745
5746
5747
5748
5749
5755
5756
5757
5760
5761
5766
5767
5768
5769
5770
5771
5772
5773
5774
5775
5776
5777
5778
5779
5780
5786
5787
5788
5789
5790
5791
5792
5793
5794
5795
5796
5797
5798
5799
5800
5806
5807
5808
5809
5810
5811
5812
5813
5814
5815
5816
5823
5824
5825
5826
5827
5828
5829
5830
5836
5837
5838
5839
5840
5848
5858
5860
5862
5864
5866
5868
5877
5880
5881
5883
5887
5888
5893
5896
5898
5901
5903
5904
5911
5914
5916
6015
6016
6017
6019
6020
6021
6022
6023
6024
6025
6026
6027
6028
6029
6030
6031
6032
6033
6034
6042
6043
6044
6045
6046
6047
6048
6049
6050
6051
6052
6053
6062
6063
6064
6065
6066
6067
6068
6078
6079
6080
6207
6208
6209
6210
6211
6212
6213
6214
6215
6216
6217
6218
6219
6220
6221
6222
6223
6224
6231
6232
6233
6234
6235
6236
6237
6238
6239
6240
6241
6242
6243
6250
6251
6252
6253
6254
6255
6256
6257
6258
6259
6267
6268
6269
6270
6271
6272
6280
6281
6303
6304
6305
6306
6307
6308
6309
6310
6311
6312
6313
6314
6315
6316
6317
6322
6323
6324
6325
6326
6327
6328
6329
6330
6331
6332
6333
6334
6335
6336
6337
6342
6343
6344
6345
6346
6347
6348
6349
6350
6351
6352
6353
6354
6358
6359
6360
6361
6362
6363
6364
6365
6366
6367
6368
6372
6373
6374
6375
6376
6377
6378
6379
6382
6383
6384
6385
6386
6387
6390
6391
6392
6394
6490
6491
6492
6493
6494
6495
6496
6497
6498
6499
6500
6501
6502
6503
6504
6505
6506
6507
6508
6509
6510
6511
6512
6513
6514
6515
6516
6517
6518
6519
6520
6521
6522
6523
6524
6525
6526
6527
6528
6529
6530
6531
6532
6533
6534
6535
6536
6537
6538
6539
6540
6541
6542
6543
6544
6545
6546
6547
6548
6549
6550
6551
6552
6553
6554
6555
6556
6557
6558
6559
6560
6561
6562
6563
6564
6565
6566
6567
6568
6569
6570
6571
6572
6573
6574
6575
6576
6577
6578
6579
6580
6581
6582
6583
6584
6585
6586
6587
6589
6601
6602
6603
6604
6605
6606
6622
6623
6624
6625
6626
6640
6641
6642
6655
6656
6683
6684
6685
6686
6687
6688
6689
6690
6691
6692
6693
6694
6695
6696
6705
6706
6707
6708
6709
6710
6711
6712
6713
6714
6715
6727
6728
6729
6730
6731
6732
6744
6745
6816
6832
6833
6845
6846
6847
6855
6856
6857
6858
6862
6863
6864
6865
6866
6867
6868
6869
6870
6871
6872
6873
6874
6875
6876
6877
6878
6879
6880
6881
6882
6883
6884
6885
6886
6887
6888
6889
6890
6891
6892
6893
6894
6895
6896
6897
6898
6899
6900
6901
6902
6903
6904
6905
6906
6907
6908
6909
6910
6911
6912
6913
6914
6915
6916
6917
6918
6919
6920
6921
6922
6923
6924
6925
6926
6927
6928
6929
6930
6931
6932
6933
6934
6935
6936
6937
6938
6939
6940
6941
6942
6943
6944
6945
6946
6947
6948
6949
6950
6951
6952
6953
6954
6955
6956
6957
6958
6959
6960
6961
6962
6963
6964
6968
6970
6971
6972
6973
6974
6975
6976
6977
6978
6979
6980
6981
6987
6988
6989
6990
6991
6992
6993
6994
6995
6996
6997
6998
6999
7000
7001
7007
7008
7009
7010
7011
7012
7013
7014
7015
7016
7017
7023
7024
7025
7026
7027
7028
7029
7030
7031
7037
7038
7039
7040
7041
7042
7043
7047
7048
7049
7050
7051
7055
7056
7057
7058
7059
7155
7156
7157
7158
7159
7160
7161
7162
7163
7164
7165
7166
7167
7168
7169
7170
7171
7172
7173
7174
7175
7176
7179
7180
7181
7182
7183
7184
7185
7186
7187
7188
7189
7190
7191
7192
7193
7194
7195
7196
7198
7199
7200
7201
7202
7203
7204
7205
7206
7207
7208
7209
7210
7211
7212
7214
7215
7216
7217
7218
7219
7220
7221
7222
7223
7224
7225
7226
7227
7228
7229
7230
7231
7232
7233
7234
7235
7236
7238
7239
7240
7241
7242
7243
7244
7246
7248
7320
7321
7331
7338
7339
7342
7343
7344
7345
7346
7347
7348
7349
7350
7351
7352
7353
7354
7355
7356
7357
7358
7359
7360
7361
7362
7363
7364
7365
7366
7367
7368
7369
7370
7371
7372
7373
7374
7375
7376
7377
7378
7379
7380
7381
7382
7383
7384
7385
7386
7387
7388
7389
7390
7391
7392
7393
7394
7395
7396
7397
7398
7399
7400
7401
7402
7403
7404
7405
7406
7407
7408
7409
7410
7411
7412
7413
7414
7415
7416
7417
7418
7419
7420
7421
7422
7423
7424
7425
7426
7427
7428
7429
7430
7431
7432
7433
7434
7435
7436
7437
7438
7439
7535
7536
7537
7538
7539
7540
7548
7549
7550
7551
7552
7553
7554
7555
7556
7557
7558
7559
7560
7561
7562
7563
7564
7568
7569
7570
7571
7572
7573
7574
7575
7576
7577
7578
7579
7580
7581
7582
7583
7584
7585
7586
7587
7588
7589
7590
7591
7592
7593
7594
7595
7596
7597
7598
7599
7600
7601
7602
7603
7604
7605
7606
7607
7608
7609
7610
7611
7612
7613
7614
7615
7616
7617
7618
7619
7620
7621
7622
7623
7624
7625
7626
7627
7628
7629
7630
7631
7632
7634
7637
7638
7639
7640
7641
7642
7643
7644
7645
7646
7647
7648
7649
7650
7660
7661
7662
7663
7664
7665
7666
7667
7668
7669
7678
7679
7680
7681
7682
7683
7684
7685
7696
7697
7820
7821
7822
7824
7827
7828
7829
7830
7831
7832
7833
7834
7835
7836
7837
7838
7839
7840
7841
7850
7851
7852
7853
7854
7855
7856
7857
7858
7859
7860
7861
7869
7870
7871
7872
7873
7874
7875
7876
7877
7915
7916
7917
7919
7921
7922
7923
7924
7925
7926
7927
7928
7929
7930
7931
7932
7933
7934
7935
7936
7941
7942
7943
7944
7945
7946
7947
7948
7949
7950
7951
7952
7953
7954
7955
7956
7958
7959
7960
7961
7962
7963
7964
7965
7966
7967
7968
7969
7970
7971
7972
7973
7974
7975
7976
7977
7978
7979
7980
7981
7982
7983
7984
7985
7986
7987
7988
7989
7990
7991
7992
7993
7994
7995
7996
7997
7998
7999
8000
8001
8002
8003
8004
8005
8006
8007
8008
8009
8105
8106
8107
8109
8110
8111
8112
8113
8114
8115
8116
8117
8118
8119
8120
8121
8122
8123
8124
8125
8126
8131
8132
8133
8134
8135
8136
8137
8138
8139
8140
8141
8142
8143
8144
8145
8146
8150
8151
8152
8153
8154
8155
8156
8157
8158
8159
8160
8161
8162
8166
8167
8168
8169
8170
8171
8172
8173
8174
8175
8176
8179
8180
8181
8182
8183
8184
8185
8186
8189
8190
8191
8192
8193
8194
8196
8197
8198
8207
8209
8210
8211
8212
8485
8486
8487
8488
8489
8490
8491
8492
8493
8494
8495
8496
8497
8498
8499
8500
8501
8502
8503
8504
8505
8506
8507
8508
8509
8510
8511
8512
8513
8514
8515
8516
8517
8518
8519
8520
8521
8522
8523
8524
8525
8526
8527
8528
8529
8530
8531
8532
8533
8534
8535
8536
8537
8538
8539
8540
8541
8542
8543
8544
8545
8546
8547
8548
8549
8550
8551
8552
8553
8554
8555
8556
8557
8558
8559
8560
8561
8562
8563
8564
8565
8566
8567
8568
8569
8570
8571
8572
8573
8574
8575
8576
8577
8578
8579
8675
8676
8677
8678
8679
8680
8681
8682
8683
8684
8685
8686
8687
8688
8689
8690
8691
8692
8693
8694
8695
8696
8697
8698
8699
8700
8701
8702
8703
8704
8705
8706
8707
8708
8709
8710
8711
8712
8713
8714
8715
8716
8717
8718
8719
8720
8721
8722
8723
8724
8725
8726
8727
8728
8729
8730
8731
8732
8733
8734
8735
8736
8737
8738
8739
8740
8741
8742
8743
8744
8745
8746
8747
8748
8749
8750
8751
8752
8753
8754
8755
8756
8757
8758
8759
8760
8761
8762
8763
8764
8765
8766
8767
8768
8769
8871
8873
8874
8875
8876
8877
8895
8896
8960
8961
8962
8963
8964
8965
8966
8967
8968
8969
8970
8971
8972
8973
8974
8975
8976
8977
8978
8979
8980
8981
8982
8983
8984
8985
8986
8987
8988
8989
8990
8991
8992
8993
8994
8995
8996
8997
8998
8999
9000
9001
9002
9003
9004
9005
9006
9007
9008
9009
9010
9011
9012
9013
9014
9015
9016
9017
9018
9019
9020
9021
9022
9023
9024
9025
9026
9027
9028
9029
9030
9031
9032
9033
9034
9035
9036
9037
9038
9039
9040
9041
9042
9043
9044
9045
9046
9047
9048
9049
9050
9051
9052
9053
9054
9058
9060
9061
9077
9078
9079
9080
9081
9082
9083
9097
9098
9099
9100
9101
9102
9113
9114
9115
9116
9117
9127
9128
9129
9130
9137
9138
9139
9140
9145
9153
9155
9156
9158
9159
9160
9161
9162
9163
9172
9173
9174
9175
9176
9177
9178
9179
9180
9181
9182
9183
9192
9193
9194
9195
9196
9197
9198
9199
9200
9208
9209
9210
9211
9212
9213
9214
9251
9253
9254
9255
9256
9342
9343
9344
9345
9346
9347
9348
9349
9350
9351
9352
9353
9354
9355
9356
9357
9358
9359
9362
9363
9364
9365
9366
9367
9368
9369
9370
9371
9372
9373
9374
9375
9376
9377
9378
9379
9382
9383
9384
9385
9386
9387
9388
9389
9390
9391
9392
9393
9394
9395
9396
9398
9399
9400
9401
9402
9403
9404
9405
9406
9407
9408
9409
9410
9411
9412
9413
9414
9415
9416
9417
9418
9419
9420
9421
9422
9423
9424
9425
9426
9427
9428
9429
9430
9431
9432
9433
9434
9533
9535
9536
9537
9538
9539
9540
9541
9542
9543
9544
9545
9546
9552
9553
9554
9555
9556
9557
9558
9559
9560
9561
9562
9563
9564
9565
9566
9567
9572
9573
9574
9575
9576
9577
9578
9579
9580
9581
9582
9583
9584
9588
9589
9590
9591
9592
9593
9594
9595
9596
9597
9598
9602
9603
9604
9605
9606
9607
9608
9609
9612
9613
9614
9615
9616
9621
9625
9626
9627
9628
9629
9630
9631
9632
9633
9634
9635
9636
9637
9638
9639
9640
9641
9642
9643
9644
9645
9646
9647
9648
9649
9650
9651
9652
9653
9654
9655
9656
9657
9658
9659
9660
9661
9662
9663
9664
9665
9666
9667
9668
9669
9670
9671
9672
9673
9674
9675
9676
9677
9678
9679
9680
9681
9682
9683
9684
9685
9686
9687
9688
9689
9690
9691
9692
9693
9694
9695
9696
9697
9698
9699
9700
9701
9702
9703
9704
9705
9706
9707
9708
9709
9710
9711
9712
9713
9714
9715
9716
9717
9718
9719
10008
10010
10011
10012
10013
10014
10015
10016
10017
10018
10019
10027
10028
10029
10030
10031
10032
10033
10034
10035
10036
10037
10038
10039
10047
10048
10049
10050
10051
10052
10053
10054
10055
10056
10063
10064
10065
10066
10067
10068
10069
10070
10077
10078
10079
10080
10081
10087
10088
10089
10095
10097
10099
10786
10805
10806
10821
10822
10835
10836
10844
10845
10846
10852
10853
10854
10857
10858
10859
10962
10963
10964
10965
10966
10967
10968
10986
11050
11051
11052
11053
11054
11055
11056
11057
11058
11059
11060
11061
11062
11063
11064
11065
11066
11067
11068
11069
11070
11071
11072
11073
11074
11075
11076
11077
11078
11079
11080
11081
11082
11083
11084
11085
11086
11087
11088
11089
11090
11091
11092
11093
11094
11095
11096
11097
11098
11099
11100
11101
11102
11103
11104
11105
11106
11107
11108
11109
11110
11111
11112
11113
11114
11115
11116
11117
11118
11119
11120
11121
11122
11123
11124
11125
11126
11127
11128
11129
11130
11131
11132
11133
11134
11135
11136
11137
11138
11139
11140
11141
11142
11143
11144
11145
11146
11147
11148
11149
11150
11151
11152
11153
11154
11155
11156
11157
11158
11159
11160
11161
11162
11163
11164
11165
11166
11167
11168
11169
11170
11171
11172
11173
11174
11175
11176
11177
11178
11179
11180
11181
11182
11183
11184
11185
11186
11187
11188
11189
11190
11191
11192
11193
11194
11195
11196
11197
11198
11199
11200
11201
11202
11203
11204
11205
11206
11207
11208
11209
11210
11211
11212
11213
11214
11215
11216
11217
11218
11219
11220
11221
11222
11223
11224
11225
11226
11227
11228
11229
11230
11231
11232
11233
11234
11235
11236
11237
11238
11239
11240
11241
11242
11243
11244
11245
11246
11247
11248
11249
11250
11251
11252
11253
11254
11255
11256
11257
11258
11259
11260
11261
11262
11263
11264
11265
11266
11267
11268
11269
11270
11271
11272
11273
11274
11275
11276
11277
11278
11279
11280
11281
11282
11283
11284
11285
11286
11287
11288
11289
11290
11291
11292
11293
11294
11295
11296
11297
11298
11299
11300
11301
11302
11303
11304
11305
11306
11307
11308
11309
11310
11311
11312
11313
11314
11315
11316
11317
11318
11319
11320
11321
11322
11323
11324
11325
11326
11327
11328
11329
11330
11331
11332
11333
11334
11430
11431
11432
11434
11436
11437
11438
11439
11440
11441
11442
11443
11444
11445
11446
11447
11448
11449
11450
11451
11458
11459
11460
11461
11462
11463
11464
11465
11466
11467
11468
11469
11470
11471
11478
11479
11480
11481
11482
11483
11484
11485
11486
11487
11494
11495
11496
11497
11498
11499
11500
11501
11507
11508
11509
11510
11511
11517
11518
11519
11522
11523
11528
11529
11530
11531
11532
11533
11534
11535
11536
11537
11538
11539
11540
11541
11542
11543
11548
11549
11550
11551
11552
11553
11554
11555
11556
11557
11558
11559
11560
11561
11562
11568
11569
11570
11571
11572
11573
11574
11575
11576
11577
11578
11579
11585
11586
11587
11588
11589
11590
11591
11592
11598
11599
11600
11601
11602
11603
11609
11610
11620
11622
11624
11626
11628
11630
11639
11642
11643
11645
11649
11655
11658
11660
11663
11665
11666
11673
11676
11678
11777
11778
11779
11781
11782
11783
11784
11785
11786
11787
11788
11789
11790
11791
11792
11793
11794
11795
11796
11804
11805
11806
11807
11808
11809
11810
11811
11812
11813
11814
11815
11824
11825
11826
11827
11828
11829
11830
11840
11841
11842
11969
11970
11971
11972
11973
11974
11975
11976
11977
11978
11979
11980
11981
11982
11983
11984
11985
11986
11992
11993
11994
11995
11996
11997
11998
11999
12000
12001
12002
12003
12004
12005
12006
12012
12013
12014
12015
12016
12017
12018
12019
12020
12021
12022
12028
12029
12030
12031
12032
12033
12034
12035
12042
12043
12065
12066
12067
12068
12069
12070
12071
12072
12073
12074
12075
12076
12077
12078
12079
12084
12085
12086
12087
12088
12089
12090
12091
12092
12093
12094
12095
12096
12097
12098
12099
12104
12105
12106
12107
12108
12109
12110
12111
12112
12113
12114
12115
12116
12120
12121
12122
12123
12124
12125
12126
12127
12128
12129
12130
12134
12135
12136
12137
12138
12139
12140
12141
12144
12145
12146
12147
12148
12149
12152
12153
12154
12156
12252
12253
12254
12255
12256
12257
12258
12259
12260
12261
12262
12263
12264
12265
12266
12267
12268
12269
12270
12271
12272
12273
12274
12275
12276
12277
12278
12279
12280
12281
12282
12283
12284
12285
12286
12287
12288
12289
12290
12291
12292
12293
12294
12295
12296
12297
12298
12299
12300
12301
12302
12303
12304
12305
12306
12307
12308
12309
12310
12311
12312
12313
12314
12315
12316
12317
12318
12319
12320
12321
12322
12323
12324
12325
12326
12327
12328
12329
12330
12331
12332
12333
12334
12335
12336
12337
12338
12339
12340
12341
12342
12343
12344
12345
12346
12347
12348
12349
12351
12363
12364
12365
12366
12367
12368
12384
12385
12386
12387
12388
12401
12402
12403
12404
12416
12417
12418
12428
12445
12446
12447
12448
12449
12450
12451
12452
12453
12454
12455
12456
12457
12458
12467
12468
12469
12470
12471
12472
12473
12474
12475
12476
12477
12489
12490
12491
12492
12493
12494
12506
12507
12578
12594
12595
12607
12608
12609
12617
12618
12619
12620
12624
12625
12626
12627
12628
12629
12630
12631
12632
12633
12634
12635
12636
12637
12638
12639
12640
12641
12642
12643
12644
12645
12646
12647
12648
12649
12650
12651
12652
12653
12654
12655
12656
12657
12658
12659
12660
12661
12662
12663
12664
12665
12666
12667
12668
12669
12670
12671
12672
12673
12674
12675
12676
12677
12678
12679
12680
12681
12682
12683
12684
12685
12686
12687
12688
12689
12690
12691
12692
12693
12694
12695
12696
12697
12698
12699
12700
12701
12702
12703
12704
12705
12706
12707
12708
12709
12710
12711
12712
12713
12714
12715
12716
12717
12718
12719
12720
12721
12722
12723
12724
12725
12726
12730
12732
12733
12734
12735
12736
12737
12738
12739
12740
12741
12742
12749
12750
12751
12752
12753
12754
12755
12756
12757
12758
12759
12760
12761
12762
12763
12769
12770
12771
12772
12773
12774
12775
12776
12777
12778
12779
12785
12786
12787
12788
12789
12790
12791
12792
12793
12799
12800
12801
12802
12803
12804
12805
12809
12810
12811
12812
12813
12817
12818
12819
12821
12917
12918
12919
12920
12921
12922
12923
12924
12925
12926
12927
12928
12929
12930
12931
12932
12933
12934
12935
12936
12937
12938
12941
12942
12943
12944
12945
12946
12947
12948
12949
12950
12951
12952
12953
12954
12955
12956
12957
12958
12960
12961
12962
12963
12964
12965
12966
12967
12968
12969
12970
12971
12972
12973
12974
12976
12977
12978
12979
12980
12981
12982
12983
12984
12985
12986
12987
12988
12989
12990
12991
12992
12993
12994
12995
12996
12997
12998
13000
13001
13002
13003
13004
13005
13006
13008
13009
13010
13083
13093
13100
13101
13104
13105
13106
13107
13108
13109
13110
13111
13112
13113
13114
13115
13116
13117
13118
13119
13120
13121
13122
13123
13124
13125
13126
13127
13128
13129
13130
13131
13132
13133
13134
13135
13136
13137
13138
13139
13140
13141
13142
13143
13144
13145
13146
13147
13148
13149
13150
13151
13152
13153
13154
13155
13156
13157
13158
13159
13160
13161
13162
13163
13164
13165
13166
13167
13168
13169
13170
13171
13172
13173
13174
13175
13176
13177
13178
13179
13180
13181
13182
13183
13184
13185
13186
13187
13188
13189
13190
13191
13192
13193
13194
13195
13196
13197
13198
13199
13200
13201
13297
13298
13299
13300
13301
13302
13303
13304
13310
13311
13312
13313
13314
13315
13316
13317
13318
13319
13320
13321
13322
13323
13324
13325
13326
13329
13330
13331
13332
13333
13334
13335
13336
13337
13338
13339
13340
13341
13342
13343
13344
13345
13346
13347
13348
13349
13350
13351
13352
13353
13354
13355
13356
13357
13358
13359
13360
13361
13362
13363
13364
13365
13366
13367
13368
13369
13370
13371
13372
13373
13374
13375
13376
13377
13378
13379
13380
13381
13382
13383
13384
13385
13386
13387
13388
13389
13390
13391
13392
13393
13394
13396
13399
13400
13401
13402
13403
13404
13405
13406
13407
13408
13409
13410
13411
13412
13422
13423
13424
13425
13426
13427
13428
13429
13430
13431
13441
13442
13443
13444
13445
13446
13447
13456
13457
13458
13582
13583
13584
13586
13589
13590
13591
13592
13593
13594
13595
13596
13597
13598
13599
13600
13601
13602
13603
13612
13613
13614
13615
13616
13617
13618
13619
13620
13621
13622
13623
13631
13632
13633
13634
13635
13636
13637
13638
13639
13677
13678
13679
13681
13683
13684
13685
13686
13687
13688
13689
13690
13691
13692
13693
13694
13695
13696
13697
13698
13704
13705
13706
13707
13708
13709
13710
13711
13712
13713
13714
13715
13716
13717
13718
13721
13722
13723
13724
13725
13726
13727
13728
13729
13730
13731
13732
13733
13734
13735
13736
13737
13738
13739
13740
13741
13742
13743
13744
13745
13746
13747
13748
13749
13750
13751
13752
13753
13754
13755
13756
13757
13758
13759
13760
13761
13762
13763
13764
13765
13766
13767
13768
13769
13770
13771
13867
13868
13869
13871
13872
13873
13874
13875
13876
13877
13878
13879
13880
13881
13882
13883
13884
13885
13886
13887
13888
13893
13894
13895
13896
13897
13898
13899
13900
13901
13902
13903
13904
13905
13906
13907
13908
13912
13913
13914
13915
13916
13917
13918
13919
13920
13921
13922
13923
13924
13928
13929
13930
13931
13932
13933
13934
13935
13936
13937
13938
13941
13942
13943
13944
13945
13946
13947
13948
13951
13952
13953
13954
13955
13956
13958
13959
13960
13969
13972
13973
14247
14248
14249
14250
14251
14252
14253
14254
14255
14256
14257
14258
14259
14260
14261
14262
14263
14264
14265
14266
14267
14268
14269
14270
14271
14272
14273
14274
14275
14276
14277
14278
14279
14280
14281
14282
14283
14284
14285
14286
14287
14288
14289
14290
14291
14292
14293
14294
14295
14296
14297
14298
14299
14300
14301
14302
14303
14304
14305
14306
14307
14308
14309
14310
14311
14312
14313
14314
14315
14316
14317
14318
14319
14320
14321
14322
14323
14324
14325
14326
14327
14328
14329
14330
14331
14332
14333
14334
14335
14336
14337
14338
14339
14340
14341
14437
14438
14439
14440
14441
14442
14443
14444
14445
14446
14447
14448
14449
14450
14451
14452
14453
14454
14455
14456
14457
14458
14459
14460
14461
14462
14463
14464
14465
14466
14467
14468
14469
14470
14471
14472
14473
14474
14475
14476
14477
14478
14479
14480
14481
14482
14483
14484
14485
14486
14487
14488
14489
14490
14491
14492
14493
14494
14495
14496
14497
14498
14499
14500
14501
14502
14503
14504
14505
14506
14507
14508
14509
14510
14511
14512
14513
14514
14515
14516
14517
14518
14519
14520
14521
14522
14523
14524
14525
14526
14527
14528
14529
14530
14531
14633
14635
14636
14637
14638
14639
14657
14658
14722
14723
14724
14725
14726
14727
14728
14729
14730
14731
14732
14733
14734
14735
14736
14737
14738
14739
14740
14741
14742
14743
14744
14745
14746
14747
14748
14749
14750
14751
14752
14753
14754
14755
14756
14757
14758
14759
14760
14761
14762
14763
14764
14765
14766
14767
14768
14769
14770
14771
14772
14773
14774
14775
14776
14777
14778
14779
14780
14781
14782
14783
14784
14785
14786
14787
14788
14789
14790
14791
14792
14793
14794
14795
14796
14797
14798
14799
14800
14801
14802
14803
14804
14805
14806
14807
14808
14809
14810
14811
14812
14813
14814
14815
14816
14820
14822
14823
14839
14840
14841
14842
14843
14844
14845
14859
14860
14861
14862
14863
14864
14875
14876
14877
14878
14879
14880
14889
14890
14891
14892
14899
14900
14901
14902
14907
14911
14915
14917
14918
14920
14921
14922
14923
14924
14925
14934
14935
14936
14937
14938
14939
14940
14941
14942
14943
14944
14945
14954
14955
14956
14957
14958
14959
14960
14961
14962
14970
14971
14972
14973
14974
14975
14976
15015
15016
15017
15018
15104
15105
15106
15107
15108
15109
15110
15111
15112
15113
15114
15115
15116
15117
15118
15119
15120
15121
15124
15125
15126
15127
15128
15129
15130
15131
15132
15133
15134
15135
15136
15137
15138
15139
15140
15141
15144
15145
15146
15147
15148
15149
15150
15151
15152
15153
15154
15155
15156
15157
15158
15160
15161
15162
15163
15164
15165
15166
15167
15168
15169
15170
15171
15172
15173
15174
15175
15176
15177
15178
15179
15180
15181
15182
15183
15184
15185
15186
15187
15188
15189
15190
15191
15192
15193
15194
15195
15196
15295
15297
15298
15299
15300
15301
15302
15303
15304
15305
15306
15307
15308
15314
15315
15316
15317
15318
15319
15320
15321
15322
15323
15324
15325
15326
15327
15328
15329
15334
15335
15336
15337
15338
15339
15340
15341
15342
15343
15344
15345
15346
15347
15350
15351
15352
15353
15354
15355
15356
15357
15358
15359
15360
15361
15364
15365
15366
15367
15368
15369
15370
15371
15374
15375
15376
15377
15378
15379
15382
15383
15387
15388
15389
15390
15391
15392
15393
15394
15395
15396
15397
15398
15399
15400
15401
15402
15403
15404
15405
15406
15407
15408
15409
15410
15411
15412
15413
15414
15415
15416
15417
15418
15419
15420
15421
15422
15423
15424
15425
15426
15427
15428
15429
15430
15431
15432
15433
15434
15435
15436
15437
15438
15439
15440
15441
15442
15443
15444
15445
15446
15447
15448
15449
15450
15451
15452
15453
15454
15455
15456
15457
15458
15459
15460
15461
15462
15463
15464
15465
15466
15467
15468
15469
15470
15471
15472
15473
15474
15475
15476
15477
15478
15479
15480
15481
15770
15772
15773
15774
15775
15776
15777
15778
15779
15780
15789
15790
15791
15792
15793
15794
15795
15796
15797
15798
15799
15800
15801
15809
15810
15811
15812
15813
15814
15815
15816
15817
15818
15825
15826
15827
15828
15829
15830
15831
15839
15840
15841
15842
15843
15849
15850
15851
15857
15858
15859
15861
16548
16567
16568
16584
16597
16598
16606
16607
16608
16614
16615
16616
16619
16620
16724
16725
16726
16727
16728
16729
16730
16748
16812
16813
16814
16815
16816
16817
16818
16819
16820
16821
16822
16823
16824
16825
16826
16827
16828
16829
16830
16831
16832
16833
16834
16835
16836
16837
16838
16839
16840
16841
16842
16843
16844
16845
16846
16847
16848
16849
16850
16851
16852
16853
16854
16855
16856
16857
16858
16859
16860
16861
16862
16863
16864
16865
16866
16867
16868
16869
16870
16871
16872
16873
16874
16875
16876
16877
16878
16879
16880
16881
16882
16883
16884
16885
16886
16887
16888
16889
16890
16891
16892
16893
16894
16895
16896
16897
16898
16899
16900
16901
16902
16903
16904
16905
16906
16907
16908
16909
16910
16911
16912
16913
16914
16915
16916
16917
16918
16919
16920
16921
16922
16923
16924
16925
16926
16927
16928
16929
16930
16931
16932
16933
16934
16935
16936
16937
16938
16939
16940
16941
16942
16943
16944
16945
16946
16947
16948
16949
16950
16951
16952
16953
16954
16955
16956
16957
16958
16959
16960
16961
16962
16963
16964
16965
16966
16967
16968
16969
16970
16971
16972
16973
16974
16975
16976
16977
16978
16979
16980
16981
16982
16983
16984
16985
16986
16987
16988
16989
16990
16991
16992
16993
16994
16995
16996
16997
16998
16999
17000
17001
17002
17003
17004
17005
17006
17007
17008
17009
17010
17011
17012
17013
17014
17015
17016
17017
17018
17019
17020
17021
17022
17023
17024
17025
17026
17027
17028
17029
17030
17031
17032
17033
17034
17035
17036
17037
17038
17039
17040
17041
17042
17043
17044
17045
17046
17047
17048
17049
17050
17051
17052
17053
17054
17055
17056
17057
17058
17059
17060
17061
17062
17063
17064
17065
17066
17067
17068
17069
17070
17071
17072
17073
17074
17075
17076
17077
17078
17079
17080
17081
17082
17083
17084
17085
17086
17087
17088
17089
17090
17091
17092
17093
17094
17095
17096
17192
17193
17194
17196
17199
17200
17201
17202
17203
17204
17205
17206
17207
17208
17209
17210
17211
17212
17213
17220
17221
17222
17223
17224
17225
17226
17227
17228
17229
17230
17231
17232
17233
17241
17242
17243
17244
17245
17246
17247
17248
17249
17256
17257
17258
17259
17260
17261
17262
17263
17269
17270
17271
17272
17273
17279
17280
17281
17284
17285
17289
17290
17291
17292
17293
17294
17295
17296
17297
17298
17299
17300
17301
17302
17303
17304
17305
17310
17311
17312
17313
17314
17315
17316
17317
17318
17319
17320
17321
17322
17323
17324
17325
17330
17331
17332
17333
17334
17335
17336
17337
17338
17339
17340
17341
17347
17348
17349
17350
17351
17352
17353
17354
17360
17361
17362
17363
17364
17365
17371
17372
17382
17384
17386
17388
17390
17392
17401
17404
17405
17407
17411
17417
17420
17422
17425
17427
17428
17435
17438
17440
17539
17540
17541
17543
17544
17545
17546
17547
17548
17549
17550
17551
17552
17553
17554
17555
17556
17557
17558
17566
17567
17568
17569
17570
17571
17572
17573
17574
17575
17576
17577
17586
17587
17588
17589
17590
17591
17592
17602
17603
17604
17731
17732
17733
17734
17735
17736
17737
17738
17739
17740
17741
17742
17743
17744
17745
17746
17747
17748
17754
17755
17756
17757
17758
17759
17760
17761
17762
17763
17764
17765
17766
17767
17768
17773
17774
17775
17776
17777
17778
17779
17780
17781
17782
17783
17784
17790
17791
17792
17793
17794
17795
17796
17797
17803
17804
17805
17806
17827
17828
17829
17830
17831
17832
17833
17834
17835
17836
17837
17838
17839
17840
17841
17846
17847
17848
17849
17850
17851
17852
17853
17854
17855
17856
17857
17858
17859
17860
17861
17866
17867
17868
17869
17870
17871
17872
17873
17874
17875
17876
17877
17878
17882
17883
17884
17885
17886
17887
17888
17889
17890
17891
17892
17896
17897
17898
17899
17900
17901
17902
17903
17906
17907
17908
17909
17910
17911
17914
17915
17916
17918
18014
18015
18016
18017
18018
18019
18020
18021
18022
18023
18024
18025
18026
18027
18028
18029
18030
18031
18032
18033
18034
18035
18036
18037
18038
18039
18040
18041
18042
18043
18044
18045
18046
18047
18048
18049
18050
18051
18052
18053
18054
18055
18056
18057
18058
18059
18060
18061
18062
18063
18064
18065
18066
18067
18068
18069
18070
18071
18072
18073
18074
18075
18076
18077
18078
18079
18080
18081
18082
18083
18084
18085
18086
18087
18088
18089
18090
18091
18092
18093
18094
18095
18096
18097
18098
18099
18100
18101
18102
18103
18104
18105
18106
18107
18108
18109
18110
18111
18113
18124
18125
18126
18127
18128
18129
18130
18145
18146
18147
18148
18149
18150
18163
18164
18165
18166
18178
18179
18180
18189
18190
18198
18207
18208
18209
18210
18211
18212
18213
18214
18215
18216
18217
18218
18219
18220
18229
18230
18231
18232
18233
18234
18235
18236
18237
18238
18239
18251
18252
18253
18254
18255
18256
18268
18269
18340
18356
18357
18369
18370
18371
18379
18380
18381
18382
18386
18387
18388
18389
18390
18391
18392
18393
18394
18395
18396
18397
18398
18399
18400
18401
18402
18403
18404
18405
18406
18407
18408
18409
18410
18411
18412
18413
18414
18415
18416
18417
18418
18419
18420
18421
18422
18423
18424
18425
18426
18427
18428
18429
18430
18431
18432
18433
18434
18435
18436
18437
18438
18439
18440
18441
18442
18443
18444
18445
18446
18447
18448
18449
18450
18451
18452
18453
18454
18455
18456
18457
18458
18459
18460
18461
18462
18463
18464
18465
18466
18467
18468
18469
18470
18471
18472
18473
18474
18475
18476
18477
18478
18479
18480
18481
18482
18483
18484
18485
18486
18487
18488
18492
18494
18495
18497
18498
18499
18500
18501
18502
18503
18504
18511
18512
18513
18514
18515
18516
18517
18518
18519
18520
18521
18522
18523
18524
18531
18532
18533
18534
18535
18536
18537
18538
18539
18540
18541
18547
18548
18549
18550
18551
18552
18553
18554
18555
18561
18562
18563
18564
18565
18566
18567
18571
18572
18573
18574
18575
18579
18580
18581
18583
18679
18680
18681
18682
18683
18684
18685
18686
18687
18688
18689
18690
18691
18692
18693
18694
18695
18696
18697
18698
18699
18700
18703
18704
18705
18706
18707
18708
18709
18710
18711
18712
18713
18714
18715
18716
18717
18718
18719
18720
18722
18723
18724
18725
18726
18727
18728
18729
18730
18731
18732
18733
18734
18735
18736
18738
18739
18740
18741
18742
18743
18744
18745
18746
18747
18748
18749
18750
18751
18752
18753
18754
18755
18756
18757
18758
18759
18760
18762
18763
18764
18765
18766
18767
18768
18770
18771
18772
18845
18855
18862
18863
18867
18868
18869
18870
18871
18872
18873
18874
18875
18876
18877
18878
18879
18880
18881
18882
18883
18884
18885
18886
18887
18888
18889
18890
18891
18892
18893
18894
18895
18896
18897
18898
18899
18900
18901
18902
18903
18904
18905
18906
18907
18908
18909
18910
18911
18912
18913
18914
18915
18916
18917
18918
18919
18920
18921
18922
18923
18924
18925
18926
18927
18928
18929
18930
18931
18932
18933
18934
18935
18936
18937
18938
18939
18940
18941
18942
18943
18944
18945
18946
18947
18948
18949
18950
18951
18952
18953
18954
18955
18956
18957
18958
18959
18960
18961
18962
18963
19059
19060
19061
19062
19063
19064
19065
19066
19072
19073
19074
19075
19076
19077
19078
19079
19080
19081
19082
19083
19084
19085
19086
19087
19088
19089
19091
19092
19093
19094
19095
19096
19097
19098
19099
19100
19101
19102
19103
19104
19105
19106
19107
19108
19109
19110
19111
19112
19113
19114
19115
19116
19117
19118
19119
19120
19121
19122
19123
19124
19125
19126
19127
19128
19129
19130
19131
19132
19133
19134
19135
19136
19137
19138
19139
19140
19141
19142
19143
19144
19145
19146
19147
19148
19149
19150
19151
19152
19153
19154
19155
19156
19158
19161
19162
19163
19164
19165
19166
19167
19168
19169
19170
19171
19172
19173
19174
19184
19185
19186
19187
19188
19189
19190
19191
19192
19193
19204
19208
19209
19344
19345
19346
19348
19351
19352
19353
19354
19355
19356
19357
19358
19359
19360
19361
19362
19363
19364
19365
19374
19375
19376
19377
19378
19379
19380
19381
19382
19383
19384
19385
19393
19394
19395
19396
19397
19398
19399
19400
19401
19439
19440
19441
19443
19446
19447
19448
19449
19450
19451
19452
19453
19454
19455
19456
19457
19458
19459
19460
19466
19467
19468
19469
19470
19471
19472
19473
19474
19475
19476
19477
19478
19479
19480
19483
19484
19485
19486
19487
19488
19489
19490
19491
19492
19493
19494
19495
19496
19498
19499
19500
19501
19502
19503
19504
19505
19506
19507
19508
19509
19510
19511
19512
19513
19514
19515
19516
19517
19518
19519
19520
19521
19522
19523
19524
19525
19526
19527
19528
19529
19530
19531
19532
19533
19629
19630
19631
19633
19634
19635
19636
19637
19638
19639
19640
19641
19642
19643
19644
19645
19646
19647
19648
19649
19650
19655
19656
19657
19658
19659
19660
19661
19662
19663
19664
19665
19666
19667
19668
19669
19670
19674
19675
19676
19677
19678
19679
19680
19681
19682
19683
19684
19685
19686
19690
19691
19692
19693
19694
19695
19696
19697
19698
19699
19700
19703
19704
19705
19706
19707
19708
19709
19710
19713
19714
19715
19716
19717
19718
19720
19721
19722
19731
19734
20009
20010
20011
20012
20013
20014
20015
20016
20017
20018
20019
20020
20021
20022
20023
20024
20025
20026
20027
20028
20029
20030
20031
20032
20033
20034
20035
20036
20037
20038
20039
20040
20041
20042
20043
20044
20045
20046
20047
20048
20049
20050
20051
20052
20053
20054
20055
20056
20057
20058
20059
20060
20061
20062
20063
20064
20065
20066
20067
20068
20069
20070
20071
20072
20073
20074
20075
20076
20077
20078
20079
20080
20081
20082
20083
20084
20085
20086
20087
20088
20089
20090
20091
20092
20093
20094
20095
20096
20097
20098
20099
20100
20101
20102
20103
20199
20200
20201
20202
20203
20204
20205
20206
20207
20208
20209
20210
20211
20212
20213
20214
20215
20216
20217
20218
20219
20220
20221
20222
20223
20224
20225
20226
20227
20228
20229
20230
20231
20232
20233
20234
20235
20236
20237
20238
20239
20240
20241
20242
20243
20244
20245
20246
20247
20248
20249
20250
20251
20252
20253
20254
20255
20256
20257
20258
20259
20260
20261
20262
20263
20264
20265
20266
20267
20268
20269
20270
20271
20272
20273
20274
20275
20276
20277
20278
20279
20280
20281
20282
20283
20284
20285
20286
20287
20288
20289
20290
20291
20292
20293
20395
20397
20398
20399
20400
20401
20419
20420
20484
20485
20486
20487
20488
20489
20490
20491
20492
20493
20494
20495
20496
20497
20498
20499
20500
20501
20502
20503
20504
20505
20506
20507
20508
20509
20510
20511
20512
20513
20514
20515
20516
20517
20518
20519
20520
20521
20522
20523
20524
20525
20526
20527
20528
20529
20530
20531
20532
20533
20534
20535
20536
20537
20538
20539
20540
20541
20542
20543
20544
20545
20546
20547
20548
20549
20550
20551
20552
20553
20554
20555
20556
20557
20558
20559
20560
20561
20562
20563
20564
20565
20566
20567
20568
20569
20570
20571
20572
20573
20574
20575
20576
20577
20578
20582
20584
20585
20601
20602
20603
20604
20605
20606
20607
20608
20621
20622
20623
20624
20625
20626
20627
20637
20638
20639
20640
20641
20642
20651
20652
20653
20654
20661
20662
20663
20664
20665
20669
20673
20677
20679
20680
20682
20683
20684
20685
20686
20687
20696
20697
20698
20699
20700
20701
20702
20703
20704
20705
20706
20707
20716
20717
20718
20719
20720
20721
20722
20723
20724
20732
20733
20734
20735
20736
20737
20738
20777
20778
20779
20866
20867
20868
20869
20870
20871
20872
20873
20874
20875
20876
20877
20878
20879
20880
20881
20882
20883
20886
20887
20888
20889
20890
20891
20892
20893
20894
20895
20896
20897
20898
20899
20900
20901
20902
20903
20906
20907
20908
20909
20910
20911
20912
20913
20914
20915
20916
20917
20918
20919
20920
20922
20923
20924
20925
20926
20927
20928
20929
20930
20931
20932
20933
20934
20935
20936
20937
20938
20939
20940
20941
20942
20943
20944
20945
20946
20947
20948
20949
20950
20951
20952
20953
20954
20955
20956
20957
20958
21057
21059
21060
21061
21062
21063
21064
21065
21066
21067
21068
21069
21070
21076
21077
21078
21079
21080
21081
21082
21083
21084
21085
21086
21087
21088
21089
21090
21091
21096
21097
21098
21099
21100
21101
21102
21103
21104
21105
21106
21107
21108
21109
21112
21113
21114
21115
21116
21117
21118
21119
21120
21121
21122
21123
21126
21127
21128
21129
21130
21131
21132
21133
21134
21136
21137
21138
21139
21140
21141
21144
21145
21146
21149
21150
21151
21152
21153
21154
21155
21156
21157
21158
21159
21160
21161
21162
21163
21164
21165
21166
21167
21168
21169
21170
21171
21172
21173
21174
21175
21176
21177
21178
21179
21180
21181
21182
21183
21184
21185
21186
21187
21188
21189
21190
21191
21192
21193
21194
21195
21196
21197
21198
21199
21200
21201
21202
21203
21204
21205
21206
21207
21208
21209
21210
21211
21212
21213
21214
21215
21216
21217
21218
21219
21220
21221
21222
21223
21224
21225
21226
21227
21228
21229
21230
21231
21232
21233
21234
21235
21236
21237
21238
21239
21240
21241
21242
21243
21532
21534
21535
21537
21538
21539
21540
21541
21542
21551
21552
21553
21554
21555
21556
21557
21558
21559
21560
21561
21562
21563
21571
21572
21573
21574
21575
21576
21577
21578
21579
21587
21588
21589
21590
21591
21592
21593
21601
21602
21603
21604
21605
21611
21612
21613
21619
21620
21621
21623
22310
22329
22330
22346
22359
22360
22369
22370
22377
22378
22382
22486
22487
22488
22489
22490
22491
22492
22510
22574
22575
22576
22577
22578
22579
22580
22581
22582
22583
22584
22585
22586
22587
22588
22589
22590
22591
22592
22593
22594
22595
22596
22597
22598
22599
22600
22601
22602
22603
22604
22605
22606
22607
22608
22609
22610
22611
22612
22613
22614
22615
22616
22617
22618
22619
22620
22621
22622
22623
22624
22625
22626
22627
22628
22629
22630
22631
22632
22633
22634
22635
22636
22637
22638
22639
22640
22641
22642
22643
22644
22645
22646
22647
22648
22649
22650
22651
22652
22653
22654
22655
22656
22657
22658
22659
22660
22661
22662
22663
22664
22665
22666
22667
22668
22669
22670
22671
22672
22673
22674
22675
22676
22677
22678
22679
22680
22681
22682
22683
22684
22685
22686
22687
22688
22689
22690
22691
22692
22693
22694
22695
22696
22697
22698
22699
22700
22701
22702
22703
22704
22705
22706
22707
22708
22709
22710
22711
22712
22713
22714
22715
22716
22717
22718
22719
22720
22721
22722
22723
22724
22725
22726
22727
22728
22729
22730
22731
22732
22733
22734
22735
22736
22737
22738
22739
22740
22741
22742
22743
22744
22745
22746
22747
22748
22749
22750
22751
22752
22753
22754
22755
22756
22757
22758
22759
22760
22761
22762
22763
22764
22765
22766
22767
22768
22769
22770
22771
22772
22773
22774
22775
22776
22777
22778
22779
22780
22781
22782
22783
22784
22785
22786
22787
22788
22789
22790
22791
22792
22793
22794
22795
22796
22797
22798
22799
22800
22801
22802
22803
22804
22805
22806
22807
22808
22809
22810
22811
22812
22813
22814
22815
22816
22817
22818
22819
22820
22821
22822
22823
22824
22825
22826
22827
22828
22829
22830
22831
22832
22833
22834
22835
22836
22837
22838
22839
22840
22841
22842
22843
22844
22845
22846
22847
22848
22849
22850
22851
22852
22853
22854
22855
22856
22857
22858
22954
22955
22956
22958
22961
22962
22963
22964
22965
22966
22967
22968
22969
22970
22971
22972
22973
22974
22975
22983
22984
22985
22986
22987
22988
22989
22990
22991
22992
22993
22994
22995
23003
23004
23005
23006
23007
23008
23009
23010
23011
23019
23020
23021
23022
23023
23024
23025
23031
23032
23033
23034
23035
23041
23042
23043
23046
23047
23051
23052
23053
23054
23055
23056
23057
23058
23059
23060
23061
23062
23063
23064
23065
23066
23067
23072
23073
23074
23075
23076
23077
23078
23079
23080
23081
23082
23083
23084
23085
23086
23087
23092
23093
23094
23095
23096
23097
23098
23099
23100
23101
23102
23103
23109
23110
23111
23112
23113
23114
23115
23116
23117
23122
23123
23124
23125
23126
23127
23133
23134
23135
23144
23146
23148
23150
23152
23154
23163
23166
23167
23169
23173
23179
23182
23184
23187
23189
23190
23197
23202
23301
23302
23303
23305
23306
23307
23308
23309
23310
23311
23312
23313
23314
23315
23316
23317
23318
23319
23328
23329
23330
23331
23332
23333
23334
23335
23336
23337
23338
23339
23348
23349
23350
23351
23352
23353
23354
23364
23365
23366
23492
23493
23494
23495
23496
23497
23498
23499
23500
23501
23502
23503
23504
23505
23506
23507
23508
23509
23510
23511
23516
23517
23518
23519
23520
23521
23522
23523
23524
23525
23526
23527
23528
23529
23530
23535
23536
23537
23538
23539
23540
23541
23542
23543
23544
23545
23546
23547
23551
23552
23553
23554
23555
23556
23557
23558
23559
23560
23565
23566
23567
23568
23570
23589
23590
23591
23592
23593
23594
23595
23596
23597
23598
23599
23600
23601
23602
23603
23608
23609
23610
23611
23612
23613
23614
23615
23616
23617
23618
23619
23620
23621
23622
23623
23628
23629
23630
23631
23632
23633
23634
23635
23636
23637
23638
23639
23640
23644
23645
23646
23647
23648
23649
23650
23651
23652
23653
23654
23658
23659
23660
23661
23662
23663
23664
23665
23668
23669
23670
23671
23672
23673
23676
23677
23678
23680
23776
23777
23778
23779
23780
23781
23782
23783
23784
23785
23786
23787
23788
23789
23790
23791
23792
23793
23794
23795
23796
23797
23798
23799
23800
23801
23802
23803
23804
23805
23806
23807
23808
23809
23810
23811
23812
23813
23814
23815
23816
23817
23818
23819
23820
23821
23822
23823
23824
23825
23826
23827
23828
23829
23830
23831
23832
23833
23834
23835
23836
23837
23838
23839
23840
23841
23842
23843
23844
23845
23846
23847
23848
23849
23850
23851
23852
23853
23854
23855
23856
23857
23858
23859
23860
23861
23862
23863
23864
23865
23866
23867
23868
23869
23870
23871
23872
23873
23875
23878
23886
23887
23888
23889
23890
23891
23892
23907
23908
23909
23910
23911
23912
23924
23925
23926
23927
23928
23939
23940
23941
23942
23951
23952
23960
23969
23970
23971
23972
23973
23974
23975
23976
23977
23978
23979
23980
23981
23982
23991
23992
23993
23994
23995
23996
23997
23998
23999
24000
24001
24012
24013
24014
24015
24016
24017
24018
24029
24030
24031
24102
24118
24119
24131
24132
24133
24141
24142
24143
24144
24148
24149
24150
24151
24152
24153
24154
24155
24156
24157
24158
24159
24160
24161
24162
24163
24164
24165
24166
24167
24168
24169
24170
24171
24172
24173
24174
24175
24176
24177
24178
24179
24180
24181
24182
24183
24184
24185
24186
24187
24188
24189
24190
24191
24192
24193
24194
24195
24196
24197
24198
24199
24200
24201
24202
24203
24204
24205
24206
24207
24208
24209
24210
24211
24212
24213
24214
24215
24216
24217
24218
24219
24220
24221
24222
24223
24224
24225
24226
24227
24228
24229
24230
24231
24232
24233
24234
24235
24236
24237
24238
24239
24240
24241
24242
24243
24244
24245
24246
24247
24248
24249
24250
24254
24256
24257
24259
24260
24261
24262
24263
24264
24265
24273
24274
24275
24276
24277
24278
24279
24280
24281
24282
24283
24284
24285
24286
24293
24294
24295
24296
24297
24298
24299
24300
24301
24302
24303
24309
24310
24311
24312
24313
24314
24315
24316
24317
24323
24324
24325
24326
24327
24328
24329
24333
24334
24335
24336
24341
24342
24345
24441
24442
24443
24444
24445
24446
24447
24448
24449
24450
24451
24452
24453
24454
24455
24456
24457
24458
24459
24460
24461
24462
24465
24466
24467
24468
24469
24470
24471
24472
24473
24474
24475
24476
24477
24478
24479
24480
24481
24482
24484
24485
24486
24487
24488
24489
24490
24491
24492
24493
24494
24495
24496
24497
24498
24500
24501
24502
24503
24504
24505
24506
24507
24508
24509
24510
24511
24512
24513
24514
24515
24516
24517
24518
24519
24520
24521
24522
24524
24525
24526
24527
24528
24529
24530
24532
24533
24534
24607
24617
24624
24625
24629
24630
24631
24632
24633
24634
24635
24636
24637
24638
24639
24640
24641
24642
24643
24644
24645
24646
24647
24648
24649
24650
24651
24652
24653
24654
24655
24656
24657
24658
24659
24660
24661
24662
24663
24664
24665
24666
24667
24668
24669
24670
24671
24672
24673
24674
24675
24676
24677
24678
24679
24680
24681
24682
24683
24684
24685
24686
24687
24688
24689
24690
24691
24692
24693
24694
24695
24696
24697
24698
24699
24700
24701
24702
24703
24704
24705
24706
24707
24708
24709
24710
24711
24712
24713
24714
24715
24716
24717
24718
24719
24720
24721
24722
24723
24724
24725
24821
24822
24823
24824
24825
24826
24827
24828
24833
24834
24835
24836
24837
24838
24839
24840
24841
24842
24843
24844
24845
24846
24847
24848
24849
24850
24851
24853
24854
24855
24856
24857
24858
24859
24860
24861
24862
24863
24864
24865
24866
24867
24868
24869
24870
24871
24872
24873
24874
24875
24876
24877
24878
24879
24880
24881
24882
24883
24884
24885
24886
24887
24888
24889
24890
24891
24892
24893
24894
24895
24896
24897
24898
24899
24900
24901
24902
24903
24904
24905
24906
24907
24908
24909
24910
24911
24912
24913
24914
24915
24916
24917
24918
24920
24923
24924
24925
24926
24927
24928
24929
24930
24931
24932
24933
24934
24935
24936
24947
24948
24949
24950
24951
24952
24953
24954
24955
24966
24968
24969
24970
25106
25107
25108
25110
25113
25114
25115
25116
25117
25118
25119
25120
25121
25122
25123
25124
25125
25126
25127
25136
25137
25138
25139
25140
25141
25142
25143
25144
25145
25146
25147
25155
25156
25157
25158
25159
25160
25161
25162
25163
25201
25202
25203
25205
25208
25209
25210
25211
25212
25213
25214
25215
25216
25217
25218
25219
25220
25221
25222
25229
25230
25231
25232
25233
25234
25235
25236
25237
25238
25239
25240
25241
25242
25246
25247
25248
25249
25250
25251
25252
25253
25254
25255
25256
25257
25258
25260
25261
25262
25263
25264
25265
25266
25267
25268
25269
25270
25271
25272
25273
25274
25275
25276
25277
25278
25279
25280
25281
25282
25283
25284
25285
25286
25287
25288
25289
25290
25291
25292
25293
25294
25295
25391
25392
25393
25395
25396
25397
25398
25399
25400
25401
25402
25403
25404
25405
25406
25407
25408
25409
25410
25411
25412
25417
25418
25419
25420
25421
25422
25423
25424
25425
25426
25427
25428
25429
25430
25431
25432
25436
25437
25438
25439
25440
25441
25442
25443
25444
25445
25446
25447
25448
25452
25453
25454
25455
25456
25457
25458
25459
25460
25461
25462
25465
25466
25467
25468
25469
25470
25471
25472
25475
25476
25477
25478
25479
25480
25482
25483
25484
25496
25771
25772
25773
25774
25775
25776
25777
25778
25779
25780
25781
25782
25783
25784
25785
25786
25787
25788
25789
25790
25791
25792
25793
25794
25795
25796
25797
25798
25799
25800
25801
25802
25803
25804
25805
25806
25807
25808
25809
25810
25811
25812
25813
25814
25815
25816
25817
25818
25819
25820
25821
25822
25823
25824
25825
25826
25827
25828
25829
25830
25831
25832
25833
25834
25835
25836
25837
25838
25839
25840
25841
25842
25843
25844
25845
25846
25847
25848
25849
25850
25851
25852
25853
25854
25855
25856
25857
25858
25859
25860
25861
25862
25863
25864
25865
25961
25962
25963
25964
25965
25966
25967
25968
25969
25970
25971
25972
25973
25974
25975
25976
25977
25978
25979
25980
25981
25982
25983
25984
25985
25986
25987
25988
25989
25990
25991
25992
25993
25994
25995
25996
25997
25998
25999
26000
26001
26002
26003
26004
26005
26006
26007
26008
26009
26010
26011
26012
26013
26014
26015
26016
26017
26018
26019
26020
26021
26022
26023
26024
26025
26026
26027
26028
26029
26030
26031
26032
26033
26034
26035
26036
26037
26038
26039
26040
26041
26042
26043
26044
26045
26046
26047
26048
26049
26050
26051
26052
26053
26054
26055
26157
26159
26160
26161
26162
26163
26181
26182
26246
26247
26248
26249
26250
26251
26252
26253
26254
26255
26256
26257
26258
26259
26260
26261
26262
26263
26264
26265
26266
26267
26268
26269
26270
26271
26272
26273
26274
26275
26276
26277
26278
26279
26280
26281
26282
26283
26284
26285
26286
26287
26288
26289
26290
26291
26292
26293
26294
26295
26296
26297
26298
26299
26300
26301
26302
26303
26304
26305
26306
26307
26308
26309
26310
26311
26312
26313
26314
26315
26316
26317
26318
26319
26320
26321
26322
26323
26324
26325
26326
26327
26328
26329
26330
26331
26332
26333
26334
26335
26336
26337
26338
26339
26340
26344
26346
26347
26363
26364
26365
26366
26367
26368
26369
26370
26383
26384
26385
26386
26387
26388
26389
26399
26400
26401
26402
26403
26404
26413
26414
26415
26416
26417
26423
26424
26425
26426
26427
26431
26435
26439
26441
26442
26444
26445
26446
26447
26448
26449
26458
26459
26460
26461
26462
26463
26464
26465
26466
26467
26468
26469
26478
26479
26480
26481
26482
26483
26484
26485
26486
26494
26495
26496
26497
26498
26499
26500
26540
26541
26628
26629
26630
26631
26632
26633
26634
26635
26636
26637
26638
26639
26640
26641
26642
26643
26644
26645
26648
26649
26650
26651
26652
26653
26654
26655
26656
26657
26658
26659
26660
26661
26662
26663
26664
26665
26668
26669
26670
26671
26672
26673
26674
26675
26676
26677
26678
26679
26680
26681
26682
26684
26685
26686
26687
26688
26689
26690
26691
26692
26693
26694
26695
26696
26697
26698
26699
26700
26701
26702
26703
26704
26705
26706
26707
26708
26709
26710
26711
26712
26713
26714
26715
26716
26717
26718
26719
26720
26819
26821
26822
26823
26824
26825
26826
26827
26828
26829
26830
26831
26832
26838
26839
26840
26841
26842
26843
26844
26845
26846
26847
26848
26849
26850
26851
26852
26853
26858
26859
26860
26861
26862
26863
26864
26865
26866
26867
26868
26869
26870
26871
26874
26875
26876
26877
26878
26879
26880
26881
26882
26883
26884
26885
26888
26889
26890
26891
26892
26893
26894
26895
26896
26898
26899
26900
26901
26902
26903
26906
26907
26908
26911
26912
26913
26914
26915
26916
26917
26918
26919
26920
26921
26922
26923
26924
26925
26926
26927
26928
26929
26930
26931
26932
26933
26934
26935
26936
26937
26938
26939
26940
26941
26942
26943
26944
26945
26946
26947
26948
26949
26950
26951
26952
26953
26954
26955
26956
26957
26958
26959
26960
26961
26962
26963
26964
26965
26966
26967
26968
26969
26970
26971
26972
26973
26974
26975
26976
26977
26978
26979
26980
26981
26982
26983
26984
26985
26986
26987
26988
26989
26990
26991
26992
26993
26994
26995
26996
26997
26998
26999
27000
27001
27002
27003
27004
27005
27294
27296
27297
27299
27300
27301
27302
27303
27304
27313
27314
27315
27316
27317
27318
27319
27320
27321
27322
27323
27324
27333
27334
27335
27336
27337
27338
27339
27340
27341
27349
27350
27351
27352
27353
27354
27355
27356
27363
27364
27365
27366
27373
27374
27375
27381
27382
27383
27385
28072
28092
28108
28122
28131
28132
28139
28140
28144
28248
28249
28250
28251
28252
28253
28254
28272
28336
28337
28338
28339
28340
28341
28342
28343
28344
28345
28346
28347
28348
28349
28350
28351
28352
28353
28354
28355
28356
28357
28358
28359
28360
28361
28362
28363
28364
28365
28366
28367
28368
28369
28370
28371
28372
28373
28374
28375
28376
28377
28378
28379
28380
28381
28382
28383
28384
28385
28386
28387
28388
28389
28390
28391
28392
28393
28394
28395
28396
28397
28398
28399
28400
28401
28402
28403
28404
28405
28406
28407
28408
28409
28410
28411
28412
28413
28414
28415
28416
28417
28418
28419
28420
28421
28422
28423
28424
28425
28426
28427
28428
28429
28430
28431
28432
28433
28434
28435
28436
28437
28438
28439
28440
28441
28442
28443
28444
28445
28446
28447
28448
28449
28450
28451
28452
28453
28454
28455
28456
28457
28458
28459
28460
28461
28462
28463
28464
28465
28466
28467
28468
28469
28470
28471
28472
28473
28474
28475
28476
28477
28478
28479
28480
28481
28482
28483
28484
28485
28486
28487
28488
28489
28490
28491
28492
28493
28494
28495
28496
28497
28498
28499
28500
28501
28502
28503
28504
28505
28506
28507
28508
28509
28510
28511
28512
28513
28514
28515
28516
28517
28518
28519
28520
28521
28522
28523
28524
28525
28526
28527
28528
28529
28530
28531
28532
28533
28534
28535
28536
28537
28538
28539
28540
28541
28542
28543
28544
28545
28546
28547
28548
28549
28550
28551
28552
28553
28554
28555
28556
28557
28558
28559
28560
28561
28562
28563
28564
28565
28566
28567
28568
28569
28570
28571
28572
28573
28574
28575
28576
28577
28578
28579
28580
28581
28582
28583
28584
28585
28586
28587
28588
28589
28590
28591
28592
28593
28594
28595
28596
28597
28598
28599
28600
28601
28602
28603
28604
28605
28606
28607
28608
28609
28610
28611
28612
28613
28614
28615
28616
28617
28618
28619
28620
28716
28717
28718
28720
28723
28724
28725
28726
28727
28728
28729
28730
28731
28732
28733
28734
28735
28736
28737
28745
28746
28747
28748
28749
28750
28751
28752
28753
28754
28755
28756
28757
28765
28766
28767
28768
28769
28770
28771
28772
28773
28781
28782
28783
28784
28785
28786
28787
28793
28794
28795
28796
28797
28803
28804
28805
28808
28809
