4
6
7
8
9
10
11
12
13
14
15
16
17
23
24
25
26
27
28
29
30
31
32
33
34
35
36
43
44
45
46
47
48
49
50
51
52
53
61
62
63
64
65
66
77
96
98
100
102
104
106
115
118
119
120
121
125
131
134
136
139
141
142
147
149
150
152
154
255
257
258
259
260
261
262
263
264
265
266
267
268
269
270
271
272
273
280
281
282
283
284
285
286
287
288
289
290
291
300
301
302
303
304
305
306
316
317
318
447
448
449
450
451
452
453
454
455
456
457
458
459
460
470
471
472
473
474
475
476
477
478
479
490
491
492
493
494
495
506
507
508
541
542
543
544
545
546
547
548
549
550
551
552
553
554
555
560
561
562
563
564
565
566
567
568
569
570
571
572
573
574
575
580
581
582
583
584
585
586
587
588
589
590
591
592
596
597
598
599
600
601
602
603
604
605
606
610
611
612
613
614
615
620
621
622
623
655
728
729
730
731
732
733
734
735
736
737
738
739
740
741
742
743
744
745
746
747
748
749
750
751
752
753
754
755
756
757
758
759
760
761
762
763
764
765
766
767
768
769
770
771
772
773
774
775
776
777
778
779
780
781
782
783
784
785
786
787
788
789
790
791
792
793
794
795
796
797
798
799
800
801
802
803
804
805
806
807
808
809
810
811
812
813
814
815
816
817
818
819
820
821
822
823
824
825
842
843
844
863
864
923
924
925
926
927
928
929
930
931
932
945
946
947
948
949
950
951
966
967
968
1013
1033
1034
1035
1036
1052
1053
1054
1055
1056
1068
1069
1070
1071
1072
1073
1081
1082
1083
1084
1085
1086
1087
1091
1092
1093
1094
1095
1096
1097
1098
1099
1100
1101
1102
1103
1104
1105
1106
1107
1108
1109
1110
1111
1112
1113
1114
1115
1116
1117
1118
1119
1120
1121
1122
1123
1124
1125
1126
1127
1128
1129
1130
1131
1132
1133
1134
1135
1136
1137
1138
1139
1140
1141
1142
1143
1144
1145
1146
1147
1148
1149
1150
1151
1152
1153
1154
1155
1156
1157
1158
1159
1160
1161
1162
1163
1164
1165
1166
1167
1168
1169
1170
1171
1172
1173
1174
1175
1176
1177
1178
1179
1180
1181
1182
1183
1184
1185
1186
1187
1188
1189
1190
1191
1192
1193
1194
1195
1196
1197
1198
1199
1200
1201
1202
1206
1208
1209
1211
1212
1213
1214
1215
1216
1217
1225
1226
1227
1228
1229
1230
1231
1232
1233
1234
1235
1236
1237
1238
1239
1245
1246
1247
1248
1249
1250
1251
1252
1253
1254
1255
1261
1262
1263
1264
1265
1266
1267
1268
1269
1275
1276
1277
1278
1279
1280
1281
1282
1285
1286
1287
1288
1289
1290
1291
1293
1294
1295
1296
1297
1298
1393
1394
1395
1397
1398
1399
1400
1401
1402
1403
1404
1405
1406
1407
1408
1409
1410
1411
1412
1413
1414
1420
1421
1422
1423
1424
1425
1426
1427
1428
1429
1430
1431
1432
1433
1434
1440
1441
1442
1443
1444
1445
1446
1447
1448
1449
1450
1456
1457
1458
1459
1460
1461
1462
1463
1464
1468
1469
1470
1471
1472
1473
1474
1477
1478
1479
1480
1481
1482
1484
1486
1569
1576
1577
1578
1580
1581
1582
1583
1584
1585
1586
1587
1588
1589
1590
1591
1592
1593
1594
1595
1596
1597
1598
1599
1600
1601
1602
1603
1604
1605
1606
1607
1608
1609
1610
1611
1612
1613
1614
1615
1616
1617
1618
1619
1620
1621
1622
1623
1624
1625
1626
1627
1628
1629
1630
1631
1632
1633
1634
1635
1636
1637
1638
1639
1640
1641
1642
1643
1644
1645
1646
1647
1648
1649
1650
1651
1652
1653
1654
1655
1656
1657
1658
1659
1660
1661
1662
1663
1664
1665
1666
1667
1668
1669
1670
1671
1672
1673
1674
1675
1676
1677
1773
1774
1775
1776
1777
1788
1789
1790
1791
1792
1793
1794
1795
1796
1797
1798
1799
1807
1808
1809
1810
1811
1812
1813
1814
1815
1816
1817
1818
1819
1820
1824
1825
1826
1827
1828
1829
1830
1831
1832
1833
1834
1835
1836
1837
1838
1839
1840
1841
1842
1843
1844
1845
1846
1847
1848
1849
1850
1851
1852
1853
1854
1855
1856
1857
1858
1859
1860
1861
1862
1863
1864
1865
1866
1867
1868
1869
1870
1872
1874
1875
1876
1877
1878
1879
1880
1881
1882
1883
1884
1885
1886
1887
1888
1889
1897
1898
1899
1900
1901
1902
1903
1904
1905
1906
1907
1908
1909
1915
1916
1917
1918
1919
1920
1921
1922
1923
1924
1925
1931
1932
1933
1934
1935
1936
1937
1938
1944
1946
1947
2058
2059
2060
2062
2065
2066
2067
2068
2069
2070
2071
2072
2073
2074
2075
2076
2077
2078
2079
2088
2089
2090
2091
2092
2093
2094
2095
2096
2097
2098
2099
2107
2108
2109
2110
2111
2112
2113
2114
2115
2153
2154
2155
2157
2160
2161
2162
2163
2164
2165
2166
2167
2168
2169
2170
2171
2172
2173
2174
2181
2182
2183
2184
2185
2186
2187
2188
2189
2190
2191
2192
2193
2194
2199
2200
2201
2202
2203
2204
2205
2206
2207
2208
2209
2210
2213
2214
2215
2216
2217
2218
2219
2220
2221
2222
2223
2224
2225
2226
2227
2228
2229
2230
2231
2232
2233
2234
2235
2236
2237
2238
2239
2240
2241
2242
2243
2244
2245
2246
2247
2343
2344
2345
2347
2349
2350
2351
2352
2353
2354
2355
2356
2357
2358
2359
2360
2361
2362
2363
2364
2371
2372
2373
2374
2375
2376
2377
2378
2379
2380
2381
2382
2383
2384
2390
2391
2392
2393
2394
2395
2396
2397
2398
2399
2400
2406
2407
2408
2409
2410
2411
2412
2413
2414
2419
2420
2421
2422
2423
2424
2448
2723
2724
2725
2726
2727
2728
2729
2730
2731
2732
2733
2734
2735
2736
2737
2738
2739
2740
2741
2742
2743
2744
2745
2746
2747
2748
2749
2750
2751
2752
2753
2754
2755
2756
2757
2758
2759
2760
2761
2762
2763
2764
2765
2766
2767
2768
2769
2770
2771
2772
2773
2774
2775
2776
2777
2778
2779
2780
2781
2782
2783
2784
2785
2786
2787
2788
2789
2790
2791
2792
2793
2794
2795
2796
2797
2798
2799
2800
2801
2802
2803
2804
2805
2806
2807
2808
2809
2810
2811
2812
2813
2814
2815
2816
2817
2913
2914
2915
2916
2917
2918
2919
2920
2921
2922
2923
2924
2925
2926
2927
2928
2929
2930
2931
2932
2933
2934
2935
2936
2937
2938
2939
2940
2941
2942
2943
2944
2945
2946
2947
2948
2949
2950
2951
2952
2953
2954
2955
2956
2957
2958
2959
2960
2961
2962
2963
2964
2965
2966
2967
2968
2969
2970
2971
2972
2973
2974
2975
2976
2977
2978
2979
2980
2981
2982
2983
2984
2985
2986
2987
2988
2989
2990
2991
2992
2993
2994
2995
2996
2997
2998
2999
3000
3001
3002
3003
3004
3005
3006
3007
3109
3111
3112
3113
3114
3115
3133
3134
3198
3199
3200
3201
3202
3203
3204
3205
3206
3207
3208
3209
3210
3211
3212
3213
3214
3215
3216
3217
3218
3219
3220
3221
3222
3223
3224
3225
3226
3227
3228
3229
3230
3231
3232
3233
3234
3235
3236
3237
3238
3239
3240
3241
3242
3243
3244
3245
3246
3247
3248
3249
3250
3251
3252
3253
3254
3255
3256
3257
3258
3259
3260
3261
3262
3263
3264
3265
3266
3267
3268
3269
3270
3271
3272
3273
3274
3275
3276
3277
3278
3279
3280
3281
3282
3283
3284
3285
3286
3287
3288
3289
3290
3291
3292
3296
3298
3315
3316
3317
3318
3319
3320
3335
3336
3337
3338
3339
3351
3352
3353
3354
3355
3365
3366
3367
3375
3376
3377
3383
3391
3393
3394
3396
3397
3398
3399
3400
3401
3410
3411
3412
3413
3414
3415
3416
3417
3418
3419
3420
3421
3430
3431
3432
3433
3434
3435
3436
3437
3438
3446
3447
3448
3449
3450
3451
3452
3491
3492
3493
3581
3583
3584
3585
3586
3587
3588
3589
3590
3591
3592
3593
3594
3600
3601
3602
3603
3604
3605
3606
3607
3608
3609
3610
3611
3612
3613
3620
3621
3622
3623
3624
3625
3626
3627
3628
3629
3630
3636
3637
3638
3639
3640
3641
3642
3643
3644
3645
3650
3651
3652
3653
3654
3655
3656
3657
3660
3661
3662
3663
3664
3665
3666
3667
3668
3669
3670
3671
3672
3771
3773
3774
3775
3776
3777
3778
3779
3780
3781
3782
3783
3784
3790
3791
3792
3793
3794
3795
3796
3797
3798
3799
3800
3801
3802
3803
3804
3810
3811
3812
3813
3814
3815
3816
3817
3818
3819
3820
3821
3826
3827
3828
3829
3830
3831
3832
3833
3834
3835
3841
3842
3843
3844
3845
3853
3863
3864
3865
3866
3867
3868
3869
3870
3871
3872
3873
3874
3875
3876
3877
3878
3879
3880
3881
3882
3883
3884
3885
3886
3887
3888
3889
3890
3891
3892
3893
3894
3895
3896
3897
3898
3899
3900
3901
3902
3903
3904
3905
3906
3907
3908
3909
3910
3911
3912
3913
3914
3915
3916
3917
3918
3919
3920
3921
3922
3923
3924
3925
3926
3927
3928
3929
3930
3931
3932
3933
3934
3935
3936
3937
3938
3939
3940
3941
3942
3943
3944
3945
3946
3947
3948
3949
3950
3951
3952
3953
3954
3955
3956
3957
4246
4248
4249
4250
4251
4252
4253
4254
4255
4256
4257
4265
4266
4267
4268
4269
4270
4271
4272
4273
4274
4275
4276
4277
4285
4286
4287
4288
4289
4290
4291
4292
4293
4294
4301
4302
4303
4304
4305
4306
4307
4308
4315
4316
4317
4318
4319
4320
4325
4326
4327
4333
5024
5043
5044
5059
5060
5073
5074
5083
5084
5092
5200
5201
5202
5203
5204
5205
5206
5224
5288
5289
5290
5291
5292
5293
5294
5295
5296
5297
5298
5299
5300
5301
5302
5303
5304
5305
5306
5307
5308
5309
5310
5311
5312
5313
5314
5315
5316
5317
5318
5319
5320
5321
5322
5323
5324
5325
5326
5327
5328
5329
5330
5331
5332
5333
5334
5335
5336
5337
5338
5339
5340
5341
5342
5343
5344
5345
5346
5347
5348
5349
5350
5351
5352
5353
5354
5355
5356
5357
5358
5359
5360
5361
5362
5363
5364
5365
5366
5367
5368
5369
5370
5371
5372
5373
5374
5375
5376
5377
5378
5379
5380
5381
5382
5383
5384
5385
5386
5387
5388
5389
5390
5391
5392
5393
5394
5395
5396
5397
5398
5399
5400
5401
5402
5403
5404
5405
5406
5407
5408
5409
5410
5411
5412
5413
5414
5415
5416
5417
5418
5419
5420
5421
5422
5423
5424
5425
5426
5427
5428
5429
5430
5431
5432
5433
5434
5435
5436
5437
5438
5439
5440
5441
5442
5443
5444
5445
5446
5447
5448
5449
5450
5451
5452
5453
5454
5455
5456
5457
5458
5459
5460
5461
5462
5463
5464
5465
5466
5467
5468
5469
5470
5471
5472
5473
5474
5475
5476
5477
5478
5479
5480
5481
5482
5483
5484
5485
5486
5487
5488
5489
5490
5491
5492
5493
5494
5495
5496
5497
5498
5499
5500
5501
5502
5503
5504
5505
5506
5507
5508
5509
5510
5511
5512
5513
5514
5515
5516
5517
5518
5519
5520
5521
5522
5523
5524
5525
5526
5527
5528
5529
5530
5531
5532
5533
5534
5535
5536
5537
5538
5539
5540
5541
5542
5543
5544
5545
5546
5547
5548
5549
5550
5551
5552
5553
5554
5555
5556
5557
5558
5559
5560
5561
5562
5563
5564
5565
5566
5567
5568
5569
5570
5571
5572
5668
5669
5670
5672
5674
5675
5676
5677
5678
5679
5680
5681
5682
5683
5684
5685
5686
5687
5688
5689
5696
5697
5698
5699
5700
5701
5702
5703
5704
5705
5706
5707
5708
5709
5716
5717
5718
5719
5720
5721
5722
5723
5724
5725
5732
5733
5734
5735
5736
5737
5738
5739
5745
5746
5747
5748
5749
5755
5756
5757
5760
5761
5766
5767
5768
5769
5770
5771
5772
5773
5774
5775
5776
5777
5778
5779
5785
5786
5787
5788
5789
5790
5791
5792
5793
5794
5795
5796
5797
5798
5799
5805
5806
5807
5808
5809
5810
5811
5812
5813
5814
5815
5823
5824
5825
5826
5827
5828
5829
5838
5839
5858
5860
5862
5864
5866
5868
5877
5880
5881
5883
5887
5893
5896
5898
5901
5903
5904
5909
5911
5912
5916
6015
6017
6019
6020
6021
6022
6023
6024
6025
6026
6027
6028
6029
6030
6031
6032
6033
6034
6042
6043
6044
6045
6046
6047
6048
6049
6050
6051
6052
6053
6062
6063
6064
6065
6066
6067
6068
6078
6079
6080
6210
6211
6212
6213
6214
6215
6216
6217
6218
6219
6220
6221
6222
6232
6233
6234
6235
6236
6237
6238
6239
6240
6241
6242
6251
6252
6253
6254
6255
6256
6257
6258
6268
6269
6270
6281
6303
6304
6305
6306
6307
6308
6309
6310
6311
6312
6313
6314
6315
6316
6317
6322
6323
6324
6325
6326
6327
6328
6329
6330
6331
6332
6333
6334
6335
6336
6337
6342
6343
6344
6345
6346
6347
6348
6349
6350
6351
6352
6353
6354
6358
6359
6360
6361
6362
6363
6364
6365
6366
6367
6368
6372
6373
6374
6375
6376
6377
6378
6382
6383
6384
6385
6417
6490
6491
6492
6493
6494
6495
6496
6497
6498
6499
6500
6501
6502
6503
6504
6505
6506
6507
6508
6509
6510
6511
6512
6513
6514
6515
6516
6517
6518
6519
6520
6521
6522
6523
6524
6525
6526
6527
6528
6529
6530
6531
6532
6533
6534
6535
6536
6537
6538
6539
6540
6541
6542
6543
6544
6545
6546
6547
6548
6549
6550
6551
6552
6553
6554
6555
6556
6557
6558
6559
6560
6561
6562
6563
6564
6565
6566
6567
6568
6569
6570
6571
6572
6573
6574
6575
6576
6577
6578
6579
6580
6581
6582
6583
6584
6585
6586
6587
6603
6604
6605
6606
6624
6625
6626
6642
6685
6686
6687
6688
6689
6690
6691
6692
6693
6694
6707
6708
6709
6710
6711
6712
6713
6728
6729
6730
6775
6795
6796
6797
6798
6814
6815
6816
6817
6818
6830
6831
6832
6833
6834
6835
6843
6844
6845
6846
6847
6848
6849
6853
6854
6855
6856
6857
6858
6859
6860
6861
6862
6863
6864
6865
6866
6867
6868
6869
6870
6871
6872
6873
6874
6875
6876
6877
6878
6879
6880
6881
6882
6883
6884
6885
6886
6887
6888
6889
6890
6891
6892
6893
6894
6895
6896
6897
6898
6899
6900
6901
6902
6903
6904
6905
6906
6907
6908
6909
6910
6911
6912
6913
6914
6915
6916
6917
6918
6919
6920
6921
6922
6923
6924
6925
6926
6927
6928
6929
6930
6931
6932
6933
6934
6935
6936
6937
6938
6939
6940
6941
6942
6943
6944
6945
6946
6947
6948
6949
6950
6951
6952
6953
6954
6955
6956
6957
6958
6959
6960
6961
6962
6963
6964
6968
6970
6971
6973
6974
6975
6976
6977
6978
6979
6987
6988
6989
6990
6991
6992
6993
6994
6995
6996
6997
6998
6999
7000
7007
7008
7009
7010
7011
7012
7013
7014
7015
7016
7017
7023
7024
7025
7026
7027
7028
7029
7030
7031
7037
7038
7039
7040
7041
7042
7043
7047
7048
7049
7050
7051
7055
7056
7057
7058
7059
7060
7081
7155
7156
7157
7159
7160
7161
7162
7163
7164
7165
7166
7167
7168
7169
7170
7171
7172
7173
7174
7175
7176
7182
7183
7184
7185
7186
7187
7188
7189
7190
7191
7192
7193
7194
7195
7196
7202
7203
7204
7205
7206
7207
7208
7209
7210
7211
7212
7218
7219
7220
7221
7222
7223
7224
7225
7226
7230
7231
7232
7233
7234
7235
7236
7239
7240
7241
7242
7243
7244
7246
7248
7331
7338
7339
7342
7343
7344
7345
7346
7347
7348
7349
7350
7351
7352
7353
7354
7355
7356
7357
7358
7359
7360
7361
7362
7363
7364
7365
7366
7367
7368
7369
7370
7371
7372
7373
7374
7375
7376
7377
7378
7379
7380
7381
7382
7383
7384
7385
7386
7387
7388
7389
7390
7391
7392
7393
7394
7395
7396
7397
7398
7399
7400
7401
7402
7403
7404
7405
7406
7407
7408
7409
7410
7411
7412
7413
7414
7415
7416
7417
7418
7419
7420
7421
7422
7423
7424
7425
7426
7427
7428
7429
7430
7431
7432
7433
7434
7435
7436
7437
7438
7439
7535
7536
7537
7538
7539
7550
7551
7552
7553
7554
7555
7556
7557
7558
7559
7560
7561
7562
7569
7570
7571
7572
7573
7574
7575
7576
7577
7578
7579
7580
7581
7582
7583
7585
7586
7587
7588
7589
7590
7591
7592
7593
7594
7595
7596
7597
7598
7599
7600
7601
7602
7603
7604
7605
7606
7607
7608
7609
7610
7611
7612
7613
7614
7615
7616
7617
7618
7619
7620
7621
7622
7623
7624
7625
7626
7627
7628
7629
7630
7631
7632
7634
7637
7638
7639
7640
7641
7642
7643
7644
7645
7646
7647
7648
7649
7650
7651
7659
7660
7661
7662
7663
7664
7665
7666
7667
7668
7669
7670
7671
7678
7679
7680
7681
7682
7683
7684
7685
7686
7687
7696
7697
7698
7699
7700
7706
7709
7820
7821
7822
7824
7827
7828
7829
7830
7831
7832
7833
7834
7835
7836
7837
7838
7839
7840
7841
7850
7851
7852
7853
7854
7855
7856
7857
7858
7859
7860
7861
7869
7870
7871
7872
7873
7874
7875
7876
7877
7915
7916
7917
7919
7922
7924
7925
7926
7927
7928
7929
7930
7931
7932
7933
7934
7935
7936
7944
7945
7946
7947
7948
7949
7950
7951
7952
7953
7954
7955
7956
7961
7962
7963
7964
7965
7966
7967
7968
7969
7970
7971
7972
7976
7977
7978
7979
7980
7981
7982
7983
7984
7985
7986
7987
7988
7989
7990
7991
7992
7993
7994
7995
7996
7997
7998
7999
8000
8001
8002
8003
8004
8005
8006
8007
8008
8009
8105
8106
8107
8109
8111
8112
8113
8114
8115
8116
8117
8118
8119
8120
8121
8122
8123
8124
8125
8126
8133
8134
8135
8136
8137
8138
8139
8140
8141
8142
8143
8144
8145
8146
8152
8153
8154
8155
8156
8157
8158
8159
8160
8161
8162
8168
8169
8170
8171
8172
8173
8174
8175
8176
8181
8182
8183
8184
8185
8186
8210
8485
8486
8487
8488
8489
8490
8491
8492
8493
8494
8495
8496
8497
8498
8499
8500
8501
8502
8503
8504
8505
8506
8507
8508
8509
8510
8511
8512
8513
8514
8515
8516
8517
8518
8519
8520
8521
8522
8523
8524
8525
8526
8527
8528
8529
8530
8531
8532
8533
8534
8535
8536
8537
8538
8539
8540
8541
8542
8543
8544
8545
8546
8547
8548
8549
8550
8551
8552
8553
8554
8555
8556
8557
8558
8559
8560
8561
8562
8563
8564
8565
8566
8567
8568
8569
8570
8571
8572
8573
8574
8575
8576
8577
8578
8579
8675
8676
8677
8678
8679
8680
8681
8682
8683
8684
8685
8686
8687
8688
8689
8690
8691
8692
8693
8694
8695
8696
8697
8698
8699
8700
8701
8702
8703
8704
8705
8706
8707
8708
8709
8710
8711
8712
8713
8714
8715
8716
8717
8718
8719
8720
8721
8722
8723
8724
8725
8726
8727
8728
8729
8730
8731
8732
8733
8734
8735
8736
8737
8738
8739
8740
8741
8742
8743
8744
8745
8746
8747
8748
8749
8750
8751
8752
8753
8754
8755
8756
8757
8758
8759
8760
8761
8762
8763
8764
8765
8766
8767
8768
8769
8871
8873
8874
8875
8876
8877
8895
8896
8960
8961
8962
8963
8964
8965
8966
8967
8968
8969
8970
8971
8972
8973
8974
8975
8976
8977
8978
8979
8980
8981
8982
8983
8984
8985
8986
8987
8988
8989
8990
8991
8992
8993
8994
8995
8996
8997
8998
8999
9000
9001
9002
9003
9004
9005
9006
9007
9008
9009
9010
9011
9012
9013
9014
9015
9016
9017
9018
9019
9020
9021
9022
9023
9024
9025
9026
9027
9028
9029
9030
9031
9032
9033
9034
9035
9036
9037
9038
9039
9040
9041
9042
9043
9044
9045
9046
9047
9048
9049
9050
9051
9052
9053
9054
9058
9060
9077
9078
9079
9080
9081
9082
9097
9098
9099
9100
9101
9113
9114
9115
9116
9117
9127
9128
9129
9130
9137
9138
9139
9140
9145
9153
9155
9156
9158
9159
9160
9161
9162
9163
9172
9173
9174
9175
9176
9177
9178
9179
9180
9181
9182
9183
9192
9193
9194
9195
9196
9197
9198
9199
9200
9208
9209
9210
9211
9212
9213
9214
9254
9343
9345
9346
9347
9348
9349
9350
9351
9352
9353
9354
9355
9356
9362
9363
9364
9365
9366
9367
9368
9369
9370
9371
9372
9373
9374
9375
9382
9383
9384
9385
9386
9387
9388
9389
9390
9391
9392
9398
9399
9400
9401
9402
9403
9404
9405
9406
9407
9412
9413
9414
9415
9416
9417
9418
9419
9422
9423
9424
9425
9426
9427
9428
9429
9430
9431
9432
9433
9434
9533
9535
9536
9537
9538
9539
9540
9541
9542
9543
9544
9545
9546
9552
9553
9554
9555
9556
9557
9558
9559
9560
9561
9562
9563
9564
9565
9566
9567
9572
9573
9574
9575
9576
9577
9578
9579
9580
9581
9582
9583
9584
9588
9589
9590
9591
9592
9593
9594
9595
9596
9597
9602
9603
9604
9605
9606
9607
9608
9614
9615
9625
9626
9627
9628
9629
9630
9631
9632
9633
9634
9635
9636
9637
9638
9639
9640
9641
9642
9643
9644
9645
9646
9647
9648
9649
9650
9651
9652
9653
9654
9655
9656
9657
9658
9659
9660
9661
9662
9663
9664
9665
9666
9667
9668
9669
9670
9671
9672
9673
9674
9675
9676
9677
9678
9679
9680
9681
9682
9683
9684
9685
9686
9687
9688
9689
9690
9691
9692
9693
9694
9695
9696
9697
9698
9699
9700
9701
9702
9703
9704
9705
9706
9707
9708
9709
9710
9711
9712
9713
9714
9715
9716
9717
9718
9719
10008
10010
10011
10012
10013
10014
10015
10016
10017
10018
10019
10027
10028
10029
10030
10031
10032
10033
10034
10035
10036
10037
10038
10039
10047
10048
10049
10050
10051
10052
10053
10054
10055
10056
10063
10064
10065
10066
10067
10068
10069
10070
10077
10078
10079
10080
10081
10087
10088
10089
10095
10786
10806
10821
10822
10835
10836
10846
10854
10962
10963
10964
10965
10966
10967
10968
10986
11050
11051
11052
11053
11054
11055
11056
11057
11058
11059
11060
11061
11062
11063
11064
11065
11066
11067
11068
11069
11070
11071
11072
11073
11074
11075
11076
11077
11078
11079
11080
11081
11082
11083
11084
11085
11086
11087
11088
11089
11090
11091
11092
11093
11094
11095
11096
11097
11098
11099
11100
11101
11102
11103
11104
11105
11106
11107
11108
11109
11110
11111
11112
11113
11114
11115
11116
11117
11118
11119
11120
11121
11122
11123
11124
11125
11126
11127
11128
11129
11130
11131
11132
11133
11134
11135
11136
11137
11138
11139
11140
11141
11142
11143
11144
11145
11146
11147
11148
11149
11150
11151
11152
11153
11154
11155
11156
11157
11158
11159
11160
11161
11162
11163
11164
11165
11166
11167
11168
11169
11170
11171
11172
11173
11174
11175
11176
11177
11178
11179
11180
11181
11182
11183
11184
11185
11186
11187
11188
11189
11190
11191
11192
11193
11194
11195
11196
11197
11198
11199
11200
11201
11202
11203
11204
11205
11206
11207
11208
11209
11210
11211
11212
11213
11214
11215
11216
11217
11218
11219
11220
11221
11222
11223
11224
11225
11226
11227
11228
11229
11230
11231
11232
11233
11234
11235
11236
11237
11238
11239
11240
11241
11242
11243
11244
11245
11246
11247
11248
11249
11250
11251
11252
11253
11254
11255
11256
11257
11258
11259
11260
11261
11262
11263
11264
11265
11266
11267
11268
11269
11270
11271
11272
11273
11274
11275
11276
11277
11278
11279
11280
11281
11282
11283
11284
11285
11286
11287
11288
11289
11290
11291
11292
11293
11294
11295
11296
11297
11298
11299
11300
11301
11302
11303
11304
11305
11306
11307
11308
11309
11310
11311
11312
11313
11314
11315
11316
11317
11318
11319
11320
11321
11322
11323
11324
11325
11326
11327
11328
11329
11330
11331
11332
11333
11334
11430
11431
11432
11434
11436
11437
11438
11439
11440
11441
11442
11443
11444
11445
11446
11447
11448
11449
11450
11451
11458
11459
11460
11461
11462
11463
11464
11465
11466
11467
11468
11469
11470
11471
11478
11479
11480
11481
11482
11483
11484
11485
11486
11487
11494
11495
11496
11497
11498
11499
11500
11501
11507
11508
11509
11510
11511
11517
11518
11519
11522
11523
11528
11529
11530
11531
11532
11533
11534
11535
11536
11537
11538
11539
11540
11541
11547
11548
11549
11550
11551
11552
11553
11554
11555
11556
11557
11558
11559
11560
11561
11567
11568
11569
11570
11571
11572
11573
11574
11575
11576
11577
11585
11586
11587
11588
11589
11590
11591
11600
11601
11620
11622
11624
11626
11628
11630
11639
11642
11643
11645
11649
11655
11658
11660
11663
11665
11666
11671
11673
11674
11678
11777
11778
11779
11781
11782
11783
11784
11785
11786
11787
11788
11789
11790
11791
11792
11793
11794
11795
11804
11805
11806
11807
11808
11809
11810
11811
11812
11813
11814
11815
11824
11825
11826
11827
11828
11829
11830
11840
11841
11842
11972
11973
11974
11975
11976
11977
11978
11979
11980
11981
11982
11983
11984
11994
11995
11996
11997
11998
11999
12000
12001
12002
12003
12004
12013
12014
12015
12016
12017
12018
12019
12020
12029
12030
12031
12032
12033
12043
12065
12066
12067
12068
12069
12070
12071
12072
12073
12074
12075
12076
12077
12078
12079
12084
12085
12086
12087
12088
12089
12090
12091
12092
12093
12094
12095
12096
12097
12098
12099
12104
12105
12106
12107
12108
12109
12110
12111
12112
12113
12114
12115
12116
12120
12121
12122
12123
12124
12125
12126
12127
12128
12129
12130
12134
12135
12136
12137
12138
12139
12140
12141
12144
12145
12146
12147
12179
12252
12253
12254
12255
12256
12257
12258
12259
12260
12261
12262
12263
12264
12265
12266
12267
12268
12269
12270
12271
12272
12273
12274
12275
12276
12277
12278
12279
12280
12281
12282
12283
12284
12285
12286
12287
12288
12289
12290
12291
12292
12293
12294
12295
12296
12297
12298
12299
12300
12301
12302
12303
12304
12305
12306
12307
12308
12309
12310
12311
12312
12313
12314
12315
12316
12317
12318
12319
12320
12321
12322
12323
12324
12325
12326
12327
12328
12329
12330
12331
12332
12333
12334
12335
12336
12337
12338
12339
12340
12341
12342
12343
12344
12345
12346
12347
12348
12349
12351
12365
12366
12367
12368
12386
12387
12388
12403
12404
12418
12447
12448
12449
12450
12451
12452
12453
12454
12455
12456
12469
12470
12471
12472
12473
12474
12475
12490
12491
12492
12537
12557
12558
12559
12560
12576
12577
12578
12579
12580
12592
12593
12594
12595
12596
12597
12605
12606
12607
12608
12609
12610
12611
12615
12616
12617
12618
12619
12620
12621
12622
12623
12624
12625
12626
12627
12628
12629
12630
12631
12632
12633
12634
12635
12636
12637
12638
12639
12640
12641
12642
12643
12644
12645
12646
12647
12648
12649
12650
12651
12652
12653
12654
12655
12656
12657
12658
12659
12660
12661
12662
12663
12664
12665
12666
12667
12668
12669
12670
12671
12672
12673
12674
12675
12676
12677
12678
12679
12680
12681
12682
12683
12684
12685
12686
12687
12688
12689
12690
12691
12692
12693
12694
12695
12696
12697
12698
12699
12700
12701
12702
12703
12704
12705
12706
12707
12708
12709
12710
12711
12712
12713
12714
12715
12716
12717
12718
12719
12720
12721
12722
12723
12724
12725
12726
12730
12732
12733
12735
12736
12737
12738
12739
12740
12749
12750
12751
12752
12753
12754
12755
12756
12757
12758
12759
12760
12761
12762
12769
12770
12771
12772
12773
12774
12775
12776
12777
12778
12779
12785
12786
12787
12788
12789
12790
12791
12792
12799
12800
12801
12802
12803
12804
12805
12809
12810
12811
12812
12813
12817
12818
12819
12821
12822
12843
12917
12918
12919
12921
12922
12923
12924
12925
12926
12927
12928
12929
12930
12931
12932
12933
12934
12935
12936
12937
12938
12944
12945
12946
12947
12948
12949
12950
12951
12952
12953
12954
12955
12956
12957
12958
12964
12965
12966
12967
12968
12969
12970
12971
12972
12973
12974
12980
12981
12982
12983
12984
12985
12986
12987
12988
12992
12993
12994
12995
12996
12997
12998
13001
13002
13003
13004
13005
13006
13008
13009
13010
13093
13100
13101
13104
13105
13106
13107
13108
13109
13110
13111
13112
13113
13114
13115
13116
13117
13118
13119
13120
13121
13122
13123
13124
13125
13126
13127
13128
13129
13130
13131
13132
13133
13134
13135
13136
13137
13138
13139
13140
13141
13142
13143
13144
13145
13146
13147
13148
13149
13150
13151
13152
13153
13154
13155
13156
13157
13158
13159
13160
13161
13162
13163
13164
13165
13166
13167
13168
13169
13170
13171
13172
13173
13174
13175
13176
13177
13178
13179
13180
13181
13182
13183
13184
13185
13186
13187
13188
13189
13190
13191
13192
13193
13194
13195
13196
13197
13198
13199
13200
13201
13297
13298
13299
13300
13301
13312
13313
13314
13315
13316
13317
13318
13319
13320
13321
13322
13323
13324
13331
13332
13333
13334
13335
13336
13337
13338
13339
13340
13341
13342
13343
13344
13345
13347
13348
13349
13350
13351
13352
13353
13354
13355
13356
13357
13358
13359
13360
13361
13362
13363
13364
13365
13366
13367
13368
13369
13370
13371
13372
13373
13374
13375
13376
13377
13378
13379
13380
13381
13382
13383
13384
13385
13386
13387
13388
13389
13390
13391
13392
13393
13394
13396
13399
13400
13401
13402
13403
13404
13405
13406
13407
13408
13409
13410
13411
13412
13413
13422
13423
13424
13425
13426
13427
13428
13429
13430
13431
13432
13433
13441
13442
13443
13444
13445
13446
13447
13448
13449
13456
13457
13458
13460
13461
13462
13582
13583
13584
13586
13589
13590
13591
13592
13593
13594
13595
13596
13597
13598
13599
13600
13601
13602
13603
13612
13613
13614
13615
13616
13617
13618
13619
13620
13621
13622
13623
13631
13632
13633
13634
13635
13636
13637
13638
13639
13677
13678
13679
13681
13684
13687
13688
13689
13690
13691
13692
13693
13694
13695
13696
13697
13698
13707
13708
13709
13710
13711
13712
13713
13714
13715
13716
13717
13718
13724
13725
13726
13727
13728
13729
13730
13731
13732
13733
13734
13738
13739
13740
13741
13742
13743
13744
13745
13746
13747
13748
13750
13751
13752
13753
13754
13755
13756
13757
13758
13759
13760
13761
13762
13763
13764
13765
13766
13767
13768
13769
13770
13771
13867
13868
13869
13871
13873
13874
13875
13876
13877
13878
13879
13880
13881
13882
13883
13884
13885
13886
13887
13888
13895
13896
13897
13898
13899
13900
13901
13902
13903
13904
13905
13906
13907
13908
13914
13915
13916
13917
13918
13919
13920
13921
13922
13923
13924
13930
13931
13932
13933
13934
13935
13936
13937
13938
13943
13944
13945
13946
13947
13948
13972
14247
14248
14249
14250
14251
14252
14253
14254
14255
14256
14257
14258
14259
14260
14261
14262
14263
14264
14265
14266
14267
14268
14269
14270
14271
14272
14273
14274
14275
14276
14277
14278
14279
14280
14281
14282
14283
14284
14285
14286
14287
14288
14289
14290
14291
14292
14293
14294
14295
14296
14297
14298
14299
14300
14301
14302
14303
14304
14305
14306
14307
14308
14309
14310
14311
14312
14313
14314
14315
14316
14317
14318
14319
14320
14321
14322
14323
14324
14325
14326
14327
14328
14329
14330
14331
14332
14333
14334
14335
14336
14337
14338
14339
14340
14341
14437
14438
14439
14440
14441
14442
14443
14444
14445
14446
14447
14448
14449
14450
14451
14452
14453
14454
14455
14456
14457
14458
14459
14460
14461
14462
14463
14464
14465
14466
14467
14468
14469
14470
14471
14472
14473
14474
14475
14476
14477
14478
14479
14480
14481
14482
14483
14484
14485
14486
14487
14488
14489
14490
14491
14492
14493
14494
14495
14496
14497
14498
14499
14500
14501
14502
14503
14504
14505
14506
14507
14508
14509
14510
14511
14512
14513
14514
14515
14516
14517
14518
14519
14520
14521
14522
14523
14524
14525
14526
14527
14528
14529
14530
14531
14633
14635
14636
14637
14638
14639
14657
14658
14722
14723
14724
14725
14726
14727
14728
14729
14730
14731
14732
14733
14734
14735
14736
14737
14738
14739
14740
14741
14742
14743
14744
14745
14746
14747
14748
14749
14750
14751
14752
14753
14754
14755
14756
14757
14758
14759
14760
14761
14762
14763
14764
14765
14766
14767
14768
14769
14770
14771
14772
14773
14774
14775
14776
14777
14778
14779
14780
14781
14782
14783
14784
14785
14786
14787
14788
14789
14790
14791
14792
14793
14794
14795
14796
14797
14798
14799
14800
14801
14802
14803
14804
14805
14806
14807
14808
14809
14810
14811
14812
14813
14814
14815
14816
14820
14822
14839
14840
14841
14842
14843
14844
14859
14860
14861
14862
14863
14875
14876
14877
14878
14879
14889
14890
14891
14892
14899
14900
14901
14902
14907
14911
14915
14917
14918
14920
14921
14922
14923
14924
14925
14934
14935
14936
14937
14938
14939
14940
14941
14942
14943
14944
14945
14954
14955
14956
14957
14958
14959
14960
14961
14962
14970
14971
14972
14973
14974
14975
14976
15105
15107
15108
15109
15110
15111
15112
15113
15114
15115
15116
15117
15118
15124
15125
15126
15127
15128
15129
15130
15131
15132
15133
15134
15135
15136
15137
15144
15145
15146
15147
15148
15149
15150
15151
15152
15153
15154
15160
15161
15162
15163
15164
15165
15166
15167
15168
15169
15174
15175
15176
15177
15178
15179
15180
15181
15184
15185
15186
15187
15188
15189
15190
15191
15192
15193
15194
15195
15196
15295
15297
15298
15299
15300
15301
15302
15303
15304
15305
15306
15307
15308
15314
15315
15316
15317
15318
15319
15320
15321
15322
15323
15324
15325
15326
15327
15328
15329
15334
15335
15336
15337
15338
15339
15340
15341
15342
15343
15344
15345
15346
15350
15351
15352
15353
15354
15355
15356
15357
15358
15359
15360
15364
15365
15366
15367
15368
15369
15370
15375
15376
15377
15378
15387
15388
15389
15390
15391
15392
15393
15394
15395
15396
15397
15398
15399
15400
15401
15402
15403
15404
15405
15406
15407
15408
15409
15410
15411
15412
15413
15414
15415
15416
15417
15418
15419
15420
15421
15422
15423
15424
15425
15426
15427
15428
15429
15430
15431
15432
15433
15434
15435
15436
15437
15438
15439
15440
15441
15442
15443
15444
15445
15446
15447
15448
15449
15450
15451
15452
15453
15454
15455
15456
15457
15458
15459
15460
15461
15462
15463
15464
15465
15466
15467
15468
15469
15470
15471
15472
15473
15474
15475
15476
15477
15478
15479
15480
15481
15770
15772
15773
15774
15775
15776
15777
15778
15779
15780
15789
15790
15791
15792
15793
15794
15795
15796
15797
15798
15799
15800
15801
15809
15810
15811
15812
15813
15814
15815
15816
15817
15818
15825
15826
15827
15828
15829
15830
15831
15839
15840
15841
15842
15843
15849
15850
15851
15857
15858
16568
16584
16597
16598
16608
16724
16725
16726
16727
16728
16729
16730
16748
16812
16813
16814
16815
16816
16817
16818
16819
16820
16821
16822
16823
16824
16825
16826
16827
16828
16829
16830
16831
16832
16833
16834
16835
16836
16837
16838
16839
16840
16841
16842
16843
16844
16845
16846
16847
16848
16849
16850
16851
16852
16853
16854
16855
16856
16857
16858
16859
16860
16861
16862
16863
16864
16865
16866
16867
16868
16869
16870
16871
16872
16873
16874
16875
16876
16877
16878
16879
16880
16881
16882
16883
16884
16885
16886
16887
16888
16889
16890
16891
16892
16893
16894
16895
16896
16897
16898
16899
16900
16901
16902
16903
16904
16905
16906
16907
16908
16909
16910
16911
16912
16913
16914
16915
16916
16917
16918
16919
16920
16921
16922
16923
16924
16925
16926
16927
16928
16929
16930
16931
16932
16933
16934
16935
16936
16937
16938
16939
16940
16941
16942
16943
16944
16945
16946
16947
16948
16949
16950
16951
16952
16953
16954
16955
16956
16957
16958
16959
16960
16961
16962
16963
16964
16965
16966
16967
16968
16969
16970
16971
16972
16973
16974
16975
16976
16977
16978
16979
16980
16981
16982
16983
16984
16985
16986
16987
16988
16989
16990
16991
16992
16993
16994
16995
16996
16997
16998
16999
17000
17001
17002
17003
17004
17005
17006
17007
17008
17009
17010
17011
17012
17013
17014
17015
17016
17017
17018
17019
17020
17021
17022
17023
17024
17025
17026
17027
17028
17029
17030
17031
17032
17033
17034
17035
17036
17037
17038
17039
17040
17041
17042
17043
17044
17045
17046
17047
17048
17049
17050
17051
17052
17053
17054
17055
17056
17057
17058
17059
17060
17061
17062
17063
17064
17065
17066
17067
17068
17069
17070
17071
17072
17073
17074
17075
17076
17077
17078
17079
17080
17081
17082
17083
17084
17085
17086
17087
17088
17089
17090
17091
17092
17093
17094
17095
17096
17192
17193
17194
17196
17198
17199
17200
17201
17202
17203
17204
17205
17206
17207
17208
17209
17210
17211
17212
17213
17220
17221
17222
17223
17224
17225
17226
17227
17228
17229
17230
17231
17232
17233
17240
17241
17242
17243
17244
17245
17246
17247
17248
17249
17256
17257
17258
17259
17260
17261
17262
17263
17269
17270
17271
17272
17273
17279
17280
17281
17284
17285
17290
17291
17292
17293
17294
17295
17296
17297
17298
17299
17300
17301
17302
17303
17304
17309
17310
17311
17312
17313
17314
17315
17316
17317
17318
17319
17320
17321
17322
17323
17329
17330
17331
17332
17333
17334
17335
17336
17337
17338
17339
17340
17346
17347
17348
17349
17350
17351
17352
17353
17361
17362
17363
17364
17382
17384
17386
17388
17390
17392
17401
17404
17405
17407
17411
17417
17420
17422
17425
17427
17428
17433
17435
17436
17440
17539
17540
17541
17543
17544
17545
17546
17547
17548
17549
17550
17551
17552
17553
17554
17555
17556
17557
17566
17567
17568
17569
17570
17571
17572
17573
17574
17575
17576
17577
17586
17587
17588
17589
17590
17591
17592
17602
17603
17604
17733
17734
17735
17736
17737
17738
17739
17740
17741
17742
17743
17744
17745
17746
17747
17755
17756
17757
17758
17759
17760
17761
17762
17763
17764
17765
17766
17775
17776
17777
17778
17779
17780
17781
17782
17783
17791
17792
17793
17794
17795
17796
17805
17827
17828
17829
17830
17831
17832
17833
17834
17835
17836
17837
17838
17839
17840
17841
17846
17847
17848
17849
17850
17851
17852
17853
17854
17855
17856
17857
17858
17859
17860
17861
17866
17867
17868
17869
17870
17871
17872
17873
17874
17875
17876
17877
17878
17882
17883
17884
17885
17886
17887
17888
17889
17890
17891
17892
17896
17897
17898
17899
17900
17901
17902
17903
17906
17907
17908
17909
17910
17941
18014
18015
18016
18017
18018
18019
18020
18021
18022
18023
18024
18025
18026
18027
18028
18029
18030
18031
18032
18033
18034
18035
18036
18037
18038
18039
18040
18041
18042
18043
18044
18045
18046
18047
18048
18049
18050
18051
18052
18053
18054
18055
18056
18057
18058
18059
18060
18061
18062
18063
18064
18065
18066
18067
18068
18069
18070
18071
18072
18073
18074
18075
18076
18077
18078
18079
18080
18081
18082
18083
18084
18085
18086
18087
18088
18089
18090
18091
18092
18093
18094
18095
18096
18097
18098
18099
18100
18101
18102
18103
18104
18105
18106
18107
18108
18109
18110
18111
18113
18126
18127
18128
18129
18130
18147
18148
18149
18150
18165
18166
18180
18207
18209
18210
18211
18212
18213
18214
18215
18216
18217
18218
18231
18232
18233
18234
18235
18236
18237
18252
18253
18254
18299
18319
18320
18321
18322
18338
18339
18340
18341
18342
18354
18355
18356
18357
18358
18359
18367
18368
18369
18370
18371
18372
18373
18377
18378
18379
18380
18381
18382
18383
18384
18385
18386
18387
18388
18389
18390
18391
18392
18393
18394
18395
18396
18397
18398
18399
18400
18401
18402
18403
18404
18405
18406
18407
18408
18409
18410
18411
18412
18413
18414
18415
18416
18417
18418
18419
18420
18421
18422
18423
18424
18425
18426
18427
18428
18429
18430
18431
18432
18433
18434
18435
18436
18437
18438
18439
18440
18441
18442
18443
18444
18445
18446
18447
18448
18449
18450
18451
18452
18453
18454
18455
18456
18457
18458
18459
18460
18461
18462
18463
18464
18465
18466
18467
18468
18469
18470
18471
18472
18473
18474
18475
18476
18477
18478
18479
18480
18481
18482
18483
18484
18485
18486
18487
18488
18492
18494
18495
18497
18498
18500
18501
18511
18512
18513
18514
18515
18516
18517
18518
18519
18520
18521
18522
18523
18531
18532
18533
18534
18535
18536
18537
18538
18539
18540
18541
18547
18548
18549
18550
18551
18552
18553
18554
18555
18561
18562
18563
18564
18565
18566
18567
18571
18572
18573
18574
18575
18579
18580
18581
18583
18584
18605
18625
18679
18680
18681
18683
18684
18685
18686
18687
18688
18689
18690
18691
18692
18693
18694
18695
18696
18697
18698
18699
18700
18706
18707
18708
18709
18710
18711
18712
18713
18714
18715
18716
18717
18718
18719
18720
18726
18727
18728
18729
18730
18731
18732
18733
18734
18735
18736
18742
18743
18744
18745
18746
18747
18748
18749
18750
18754
18755
18756
18757
18758
18759
18760
18763
18764
18765
18766
18767
18768
18770
18771
18772
18862
18863
18867
18868
18869
18870
18871
18872
18873
18874
18875
18876
18877
18878
18879
18880
18881
18882
18883
18884
18885
18886
18887
18888
18889
18890
18891
18892
18893
18894
18895
18896
18897
18898
18899
18900
18901
18902
18903
18904
18905
18906
18907
18908
18909
18910
18911
18912
18913
18914
18915
18916
18917
18918
18919
18920
18921
18922
18923
18924
18925
18926
18927
18928
18929
18930
18931
18932
18933
18934
18935
18936
18937
18938
18939
18940
18941
18942
18943
18944
18945
18946
18947
18948
18949
18950
18951
18952
18953
18954
18955
18956
18957
18958
18959
18960
18961
18962
18963
19059
19060
19061
19062
19063
19073
19074
19075
19076
19077
19078
19079
19080
19081
19082
19083
19084
19085
19086
19087
19092
19093
19094
19095
19096
19097
19098
19099
19100
19101
19102
19103
19104
19105
19106
19107
19109
19110
19111
19112
19113
19114
19115
19116
19117
19118
19119
19120
19121
19122
19123
19124
19125
19126
19127
19128
19129
19130
19131
19132
19133
19134
19135
19136
19137
19138
19139
19140
19141
19142
19143
19144
19145
19146
19147
19148
19149
19150
19151
19152
19153
19154
19155
19156
19158
19161
19162
19163
19164
19165
19166
19167
19168
19169
19170
19171
19172
19173
19174
19175
19184
19185
19186
19187
19188
19189
19190
19191
19192
19193
19194
19195
19203
19204
19205
19206
19207
19208
19209
19210
19211
19219
19220
19222
19223
19344
19345
19346
19348
19351
19352
19353
19354
19355
19356
19357
19358
19359
19360
19361
19362
19363
19364
19365
19374
19375
19376
19377
19378
19379
19380
19381
19382
19383
19384
19385
19393
19394
19395
19396
19397
19398
19399
19400
19401
19439
19440
19441
19443
19446
19449
19450
19451
19452
19453
19454
19455
19456
19457
19458
19459
19460
19470
19471
19472
19473
19474
19475
19476
19477
19478
19479
19480
19487
19488
19489
19490
19491
19492
19493
19494
19495
19496
19501
19502
19503
19504
19505
19506
19507
19508
19509
19510
19512
19513
19514
19515
19516
19517
19518
19519
19520
19521
19522
19523
19524
19525
19526
19527
19528
19529
19530
19531
19532
19533
19629
19630
19631
19633
19635
19636
19637
19638
19639
19640
19641
19642
19643
19644
19645
19646
19647
19648
19649
19650
19657
19658
19659
19660
19661
19662
19663
19664
19665
19666
19667
19668
19669
19670
19676
19677
19678
19679
19680
19681
19682
19683
19684
19685
19686
19692
19693
19694
19695
19696
19697
19698
19699
19700
19705
19706
19707
19708
19709
19710
20009
20010
20011
20012
20013
20014
20015
20016
20017
20018
20019
20020
20021
20022
20023
20024
20025
20026
20027
20028
20029
20030
20031
20032
20033
20034
20035
20036
20037
20038
20039
20040
20041
20042
20043
20044
20045
20046
20047
20048
20049
20050
20051
20052
20053
20054
20055
20056
20057
20058
20059
20060
20061
20062
20063
20064
20065
20066
20067
20068
20069
20070
20071
20072
20073
20074
20075
20076
20077
20078
20079
20080
20081
20082
20083
20084
20085
20086
20087
20088
20089
20090
20091
20092
20093
20094
20095
20096
20097
20098
20099
20100
20101
20102
20103
20199
20200
20201
20202
20203
20204
20205
20206
20207
20208
20209
20210
20211
20212
20213
20214
20215
20216
20217
20218
20219
20220
20221
20222
20223
20224
20225
20226
20227
20228
20229
20230
20231
20232
20233
20234
20235
20236
20237
20238
20239
20240
20241
20242
20243
20244
20245
20246
20247
20248
20249
20250
20251
20252
20253
20254
20255
20256
20257
20258
20259
20260
20261
20262
20263
20264
20265
20266
20267
20268
20269
20270
20271
20272
20273
20274
20275
20276
20277
20278
20279
20280
20281
20282
20283
20284
20285
20286
20287
20288
20289
20290
20291
20292
20293
20395
20397
20398
20399
20400
20401
20419
20420
20484
20485
20486
20487
20488
20489
20490
20491
20492
20493
20494
20495
20496
20497
20498
20499
20500
20501
20502
20503
20504
20505
20506
20507
20508
20509
20510
20511
20512
20513
20514
20515
20516
20517
20518
20519
20520
20521
20522
20523
20524
20525
20526
20527
20528
20529
20530
20531
20532
20533
20534
20535
20536
20537
20538
20539
20540
20541
20542
20543
20544
20545
20546
20547
20548
20549
20550
20551
20552
20553
20554
20555
20556
20557
20558
20559
20560
20561
20562
20563
20564
20565
20566
20567
20568
20569
20570
20571
20572
20573
20574
20575
20576
20577
20578
20582
20584
20585
20601
20602
20603
20604
20605
20606
20607
20621
20622
20623
20624
20625
20626
20637
20638
20639
20640
20641
20651
20652
20653
20654
20661
20662
20663
20664
20665
20669
20673
20677
20679
20680
20682
20683
20684
20685
20686
20687
20696
20697
20698
20699
20700
20701
20702
20703
20704
20705
20706
20707
20716
20717
20718
20719
20720
20721
20722
20723
20724
20732
20733
20734
20735
20736
20737
20738
20867
20869
20870
20871
20872
20873
20874
20875
20876
20877
20878
20879
20880
20886
20887
20888
20889
20890
20891
20892
20893
20894
20895
20896
20897
20898
20899
20906
20907
20908
20909
20910
20911
20912
20913
20914
20915
20916
20922
20923
20924
20925
20926
20927
20928
20929
20930
20931
20936
20937
20938
20939
20940
20941
20942
20943
20946
20947
20948
20949
20950
20951
20952
20953
20954
20955
20956
20957
20958
21057
21059
21060
21061
21062
21063
21064
21065
21066
21067
21068
21069
21070
21076
21077
21078
21079
21080
21081
21082
21083
21084
21085
21086
21087
21088
21089
21090
21091
21096
21097
21098
21099
21100
21101
21102
21103
21104
21105
21106
21107
21108
21112
21113
21114
21115
21116
21117
21118
21119
21120
21121
21122
21126
21127
21128
21129
21130
21131
21132
21137
21138
21139
21140
21149
21150
21151
21152
21153
21154
21155
21156
21157
21158
21159
21160
21161
21162
21163
21164
21165
21166
21167
21168
21169
21170
21171
21172
21173
21174
21175
21176
21177
21178
21179
21180
21181
21182
21183
21184
21185
21186
21187
21188
21189
21190
21191
21192
21193
21194
21195
21196
21197
21198
21199
21200
21201
21202
21203
21204
21205
21206
21207
21208
21209
21210
21211
21212
21213
21214
21215
21216
21217
21218
21219
21220
21221
21222
21223
21224
21225
21226
21227
21228
21229
21230
21231
21232
21233
21234
21235
21236
21237
21238
21239
21240
21241
21242
21243
21532
21534
21535
21536
21537
21538
21539
21540
21541
21542
21551
21552
21553
21554
21555
21556
21557
21558
21559
21560
21561
21562
21563
21571
21572
21573
21574
21575
21576
21577
21578
21579
21587
21588
21589
21590
21591
21592
21593
21601
21602
21603
21604
21605
21611
21612
21613
22346
22360
22486
22487
22488
22489
22490
22491
22492
22510
22574
22575
22576
22577
22578
22579
22580
22581
22582
22583
22584
22585
22586
22587
22588
22589
22590
22591
22592
22593
22594
22595
22596
22597
22598
22599
22600
22601
22602
22603
22604
22605
22606
22607
22608
22609
22610
22611
22612
22613
22614
22615
22616
22617
22618
22619
22620
22621
22622
22623
22624
22625
22626
22627
22628
22629
22630
22631
22632
22633
22634
22635
22636
22637
22638
22639
22640
22641
22642
22643
22644
22645
22646
22647
22648
22649
22650
22651
22652
22653
22654
22655
22656
22657
22658
22659
22660
22661
22662
22663
22664
22665
22666
22667
22668
22669
22670
22671
22672
22673
22674
22675
22676
22677
22678
22679
22680
22681
22682
22683
22684
22685
22686
22687
22688
22689
22690
22691
22692
22693
22694
22695
22696
22697
22698
22699
22700
22701
22702
22703
22704
22705
22706
22707
22708
22709
22710
22711
22712
22713
22714
22715
22716
22717
22718
22719
22720
22721
22722
22723
22724
22725
22726
22727
22728
22729
22730
22731
22732
22733
22734
22735
22736
22737
22738
22739
22740
22741
22742
22743
22744
22745
22746
22747
22748
22749
22750
22751
22752
22753
22754
22755
22756
22757
22758
22759
22760
22761
22762
22763
22764
22765
22766
22767
22768
22769
22770
22771
22772
22773
22774
22775
22776
22777
22778
22779
22780
22781
22782
22783
22784
22785
22786
22787
22788
22789
22790
22791
22792
22793
22794
22795
22796
22797
22798
22799
22800
22801
22802
22803
22804
22805
22806
22807
22808
22809
22810
22811
22812
22813
22814
22815
22816
22817
22818
22819
22820
22821
22822
22823
22824
22825
22826
22827
22828
22829
22830
22831
22832
22833
22834
22835
22836
22837
22838
22839
22840
22841
22842
22843
22844
22845
22846
22847
22848
22849
22850
22851
22852
22853
22854
22855
22856
22857
22858
22954
22955
22956
22958
22961
22962
22963
22964
22965
22966
22967
22968
22969
22970
22971
22972
22973
22974
22975
22982
22983
22984
22985
22986
22987
22988
22989
22990
22991
22992
22993
22994
22995
23003
23004
23005
23006
23007
23008
23009
23010
23011
23019
23020
23021
23022
23023
23024
23025
23031
23032
23033
23034
23035
23041
23042
23043
23046
23047
23052
23053
23054
23055
23056
23057
23058
23059
23060
23061
23062
23063
23064
23065
23066
23071
23072
23073
23074
23075
23076
23077
23078
23079
23080
23081
23082
23083
23084
23085
23086
23091
23092
23093
23094
23095
23096
23097
23098
23099
23100
23101
23102
23108
23109
23110
23111
23112
23113
23114
23115
23123
23124
23125
23126
23144
23146
23150
23152
23154
23163
23166
23167
23169
23173
23179
23182
23184
23187
23189
23190
23195
23197
23198
23202
23301
23302
23303
23305
23306
23307
23308
23309
23310
23311
23312
23313
23314
23315
23316
23317
23318
23328
23329
23330
23331
23332
23333
23334
23335
23336
23337
23338
23339
23348
23349
23350
23351
23352
23353
23354
23364
23365
23366
23494
23495
23496
23497
23498
23499
23500
23501
23502
23503
23504
23505
23506
23507
23508
23509
23517
23518
23519
23520
23521
23522
23523
23524
23525
23526
23527
23528
23536
23537
23538
23539
23540
23541
23542
23543
23544
23545
23553
23554
23555
23556
23557
23558
23566
23567
23568
23589
23590
23591
23592
23593
23594
23595
23596
23597
23598
23599
23600
23601
23602
23603
23608
23609
23610
23611
23612
23613
23614
23615
23616
23617
23618
23619
23620
23621
23622
23623
23628
23629
23630
23631
23632
23633
23634
23635
23636
23637
23638
23639
23640
23644
23645
23646
23647
23648
23649
23650
23651
23652
23653
23654
23658
23659
23660
23661
23662
23663
23664
23665
23668
23669
23670
23671
23672
23703
23776
23777
23778
23779
23780
23781
23782
23783
23784
23785
23786
23787
23788
23789
23790
23791
23792
23793
23794
23795
23796
23797
23798
23799
23800
23801
23802
23803
23804
23805
23806
23807
23808
23809
23810
23811
23812
23813
23814
23815
23816
23817
23818
23819
23820
23821
23822
23823
23824
23825
23826
23827
23828
23829
23830
23831
23832
23833
23834
23835
23836
23837
23838
23839
23840
23841
23842
23843
23844
23845
23846
23847
23848
23849
23850
23851
23852
23853
23854
23855
23856
23857
23858
23859
23860
23861
23862
23863
23864
23865
23866
23867
23868
23869
23870
23871
23872
23873
23875
23888
23889
23890
23891
23892
23909
23910
23911
23912
23926
23927
23928
23941
23942
23969
23971
23972
23973
23974
23975
23976
23977
23978
23979
23980
23993
23994
23995
23996
23997
23998
23999
24014
24015
24016
24061
24081
24082
24083
24084
24100
24101
24102
24103
24104
24116
24117
24118
24119
24120
24121
24129
24130
24131
24132
24133
24134
24135
24139
24140
24141
24142
24143
24144
24145
24146
24147
24148
24149
24150
24151
24152
24153
24154
24155
24156
24157
24158
24159
24160
24161
24162
24163
24164
24165
24166
24167
24168
24169
24170
24171
24172
24173
24174
24175
24176
24177
24178
24179
24180
24181
24182
24183
24184
24185
24186
24187
24188
24189
24190
24191
24192
24193
24194
24195
24196
24197
24198
24199
24200
24201
24202
24203
24204
24205
24206
24207
24208
24209
24210
24211
24212
24213
24214
24215
24216
24217
24218
24219
24220
24221
24222
24223
24224
24225
24226
24227
24228
24229
24230
24231
24232
24233
24234
24235
24236
24237
24238
24239
24240
24241
24242
24243
24244
24245
24246
24247
24248
24249
24250
24254
24256
24257
24259
24260
24262
24273
24274
24275
24276
24277
24278
24279
24280
24281
24282
24283
24284
24293
24294
24295
24296
24297
24298
24299
24300
24301
24302
24303
24309
24310
24311
24312
24313
24314
24315
24316
24317
24323
24324
24325
24326
24327
24329
24333
24334
24335
24336
24341
24342
24345
24346
24367
24387
24441
24442
24443
24445
24446
24447
24448
24449
24450
24451
24452
24453
24454
24455
24456
24457
24458
24459
24460
24461
24462
24468
24469
24470
24471
24472
24473
24474
24475
24476
24477
24478
24479
24480
24481
24482
24488
24489
24490
24491
24492
24493
24494
24495
24496
24497
24498
24504
24505
24506
24507
24508
24509
24510
24511
24512
24516
24517
24518
24519
24520
24521
24522
24525
24526
24527
24528
24529
24530
24532
24533
24534
24624
24625
24629
24630
24631
24632
24633
24634
24635
24636
24637
24638
24639
24640
24641
24642
24643
24644
24645
24646
24647
24648
24649
24650
24651
24652
24653
24654
24655
24656
24657
24658
24659
24660
24661
24662
24663
24664
24665
24666
24667
24668
24669
24670
24671
24672
24673
24674
24675
24676
24677
24678
24679
24680
24681
24682
24683
24684
24685
24686
24687
24688
24689
24690
24691
24692
24693
24694
24695
24696
24697
24698
24699
24700
24701
24702
24703
24704
24705
24706
24707
24708
24709
24710
24711
24712
24713
24714
24715
24716
24717
24718
24719
24720
24721
24722
24723
24724
24725
24821
24822
24823
24824
24825
24826
24835
24836
24837
24838
24839
24840
24841
24842
24843
24844
24845
24846
24847
24848
24849
24854
24855
24856
24857
24858
24859
24860
24861
24862
24863
24864
24865
24866
24867
24868
24869
24870
24871
24872
24873
24874
24875
24876
24877
24878
24879
24880
24881
24882
24883
24884
24885
24886
24887
24888
24889
24890
24891
24892
24893
24894
24895
24896
24897
24898
24899
24900
24901
24902
24903
24904
24905
24906
24907
24908
24909
24910
24911
24912
24913
24914
24915
24916
24917
24918
24920
24923
24924
24925
24926
24927
24928
24929
24930
24931
24932
24933
24934
24935
24936
24937
24946
24947
24948
24949
24950
24951
24952
24953
24954
24955
24956
24957
24966
24968
24970
24971
24972
24973
24982
25106
25107
25108
25110
25113
25114
25115
25116
25117
25118
25119
25120
25121
25122
25123
25124
25125
25126
25127
25136
25137
25138
25139
25140
25141
25142
25143
25144
25145
25146
25147
25155
25156
25157
25158
25159
25160
25161
25162
25163
25201
25202
25203
25205
25208
25211
25212
25213
25214
25215
25216
25217
25218
25219
25220
25221
25222
25233
25234
25235
25236
25237
25238
25239
25240
25241
25242
25249
25250
25251
25252
25253
25254
25255
25256
25257
25258
25263
25264
25265
25266
25267
25268
25269
25270
25271
25272
25275
25276
25277
25278
25279
25280
25281
25282
25283
25284
25285
25286
25287
25288
25289
25290
25291
25292
25293
25294
25295
25391
25392
25393
25395
25397
25398
25399
25400
25401
25402
25403
25404
25405
25406
25407
25408
25409
25410
25411
25412
25419
25420
25421
25422
25423
25424
25425
25426
25427
25428
25429
25430
25431
25432
25438
25439
25440
25441
25442
25443
25444
25445
25446
25447
25448
25454
25455
25456
25457
25458
25459
25460
25461
25462
25467
25468
25469
25470
25471
25472
25771
25772
25773
25774
25775
25776
25777
25778
25779
25780
25781
25782
25783
25784
25785
25786
25787
25788
25789
25790
25791
25792
25793
25794
25795
25796
25797
25798
25799
25800
25801
25802
25803
25804
25805
25806
25807
25808
25809
25810
25811
25812
25813
25814
25815
25816
25817
25818
25819
25820
25821
25822
25823
25824
25825
25826
25827
25828
25829
25830
25831
25832
25833
25834
25835
25836
25837
25838
25839
25840
25841
25842
25843
25844
25845
25846
25847
25848
25849
25850
25851
25852
25853
25854
25855
25856
25857
25858
25859
25860
25861
25862
25863
25864
25865
25961
25962
25963
25964
25965
25966
25967
25968
25969
25970
25971
25972
25973
25974
25975
25976
25977
25978
25979
25980
25981
25982
25983
25984
25985
25986
25987
25988
25989
25990
25991
25992
25993
25994
25995
25996
25997
25998
25999
26000
26001
26002
26003
26004
26005
26006
26007
26008
26009
26010
26011
26012
26013
26014
26015
26016
26017
26018
26019
26020
26021
26022
26023
26024
26025
26026
26027
26028
26029
26030
26031
26032
26033
26034
26035
26036
26037
26038
26039
26040
26041
26042
26043
26044
26045
26046
26047
26048
26049
26050
26051
26052
26053
26054
26055
26157
26159
26160
26161
26162
26163
26181
26182
26246
26247
26248
26249
26250
26251
26252
26253
26254
26255
26256
26257
26258
26259
26260
26261
26262
26263
26264
26265
26266
26267
26268
26269
26270
26271
26272
26273
26274
26275
26276
26277
26278
26279
26280
26281
26282
26283
26284
26285
26286
26287
26288
26289
26290
26291
26292
26293
26294
26295
26296
26297
26298
26299
26300
26301
26302
26303
26304
26305
26306
26307
26308
26309
26310
26311
26312
26313
26314
26315
26316
26317
26318
26319
26320
26321
26322
26323
26324
26325
26326
26327
26328
26329
26330
26331
26332
26333
26334
26335
26336
26337
26338
26339
26340
26344
26346
26347
26363
26364
26365
26366
26367
26368
26369
26383
26384
26385
26386
26387
26388
26399
26400
26401
26402
26403
26404
26413
26414
26415
26416
26417
26423
26424
26425
26426
26427
26431
26435
26439
26441
26442
26444
26445
26446
26447
26448
26449
26458
26459
26460
26461
26462
26463
26464
26465
26466
26467
26468
26469
26478
26479
26480
26481
26482
26483
26484
26485
26486
26494
26495
26496
26497
26498
26499
26500
26629
26631
26632
26633
26634
26635
26636
26637
26638
26639
26640
26641
26642
26648
26649
26650
26651
26652
26653
26654
26655
26656
26657
26658
26659
26660
26661
26668
26669
26670
26671
26672
26673
26674
26675
26676
26677
26678
26684
26685
26686
26687
26688
26689
26690
26691
26692
26693
26698
26699
26700
26701
26702
26703
26704
26705
26708
26709
26710
26711
26712
26713
26714
26715
26716
26717
26718
26719
26720
26819
26821
26822
26823
26824
26825
26826
26827
26828
26829
26830
26831
26832
26838
26839
26840
26841
26842
26843
26844
26845
26846
26847
26848
26849
26850
26851
26852
26853
26858
26859
26860
26861
26862
26863
26864
26865
26866
26867
26868
26869
26870
26874
26875
26876
26877
26878
26879
26880
26881
26882
26883
26884
26888
26889
26890
26891
26892
26893
26894
26895
26898
26899
26900
26901
26902
26907
26911
26912
26913
26914
26915
26916
26917
26918
26919
26920
26921
26922
26923
26924
26925
26926
26927
26928
26929
26930
26931
26932
26933
26934
26935
26936
26937
26938
26939
26940
26941
26942
26943
26944
26945
26946
26947
26948
26949
26950
26951
26952
26953
26954
26955
26956
26957
26958
26959
26960
26961
26962
26963
26964
26965
26966
26967
26968
26969
26970
26971
26972
26973
26974
26975
26976
26977
26978
26979
26980
26981
26982
26983
26984
26985
26986
26987
26988
26989
26990
26991
26992
26993
26994
26995
26996
26997
26998
26999
27000
27001
27002
27003
27004
27005
27294
27296
27297
27299
27300
27301
27302
27303
27304
27313
27314
27315
27316
27317
27318
27319
27320
27321
27322
27323
27324
27333
27334
27335
27336
27337
27338
27339
27340
27341
27349
27350
27351
27352
27353
27354
27355
27356
27363
27364
27365
27366
27373
27374
27375
28108
28122
28248
28249
28250
28251
28252
28253
28254
28272
28336
28337
28338
28339
28340
28341
28342
28343
28344
28345
28346
28347
28348
28349
28350
28351
28352
28353
28354
28355
28356
28357
28358
28359
28360
28361
28362
28363
28364
28365
28366
28367
28368
28369
28370
28371
28372
28373
28374
28375
28376
28377
28378
28379
28380
28381
28382
28383
28384
28385
28386
28387
28388
28389
28390
28391
28392
28393
28394
28395
28396
28397
28398
28399
28400
28401
28402
28403
28404
28405
28406
28407
28408
28409
28410
28411
28412
28413
28414
28415
28416
28417
28418
28419
28420
28421
28422
28423
28424
28425
28426
28427
28428
28429
28430
28431
28432
28433
28434
28435
28436
28437
28438
28439
28440
28441
28442
28443
28444
28445
28446
28447
28448
28449
28450
28451
28452
28453
28454
28455
28456
28457
28458
28459
28460
28461
28462
28463
28464
28465
28466
28467
28468
28469
28470
28471
28472
28473
28474
28475
28476
28477
28478
28479
28480
28481
28482
28483
28484
28485
28486
28487
28488
28489
28490
28491
28492
28493
28494
28495
28496
28497
28498
28499
28500
28501
28502
28503
28504
28505
28506
28507
28508
28509
28510
28511
28512
28513
28514
28515
28516
28517
28518
28519
28520
28521
28522
28523
28524
28525
28526
28527
28528
28529
28530
28531
28532
28533
28534
28535
28536
28537
28538
28539
28540
28541
28542
28543
28544
28545
28546
28547
28548
28549
28550
28551
28552
28553
28554
28555
28556
28557
28558
28559
28560
28561
28562
28563
28564
28565
28566
28567
28568
28569
28570
28571
28572
28573
28574
28575
28576
28577
28578
28579
28580
28581
28582
28583
28584
28585
28586
28587
28588
28589
28590
28591
28592
28593
28594
28595
28596
28597
28598
28599
28600
28601
28602
28603
28604
28605
28606
28607
28608
28609
28610
28611
28612
28613
28614
28615
28616
28617
28618
28619
28620
28716
28717
28718
28720
28723
28724
28725
28726
28727
28728
28729
28730
28731
28732
28733
28734
28735
28736
28737
28745
28746
28747
28748
28749
28750
28751
28752
28753
28754
28755
28756
28757
28765
28766
28767
28768
28769
28770
28771
28772
28773
28781
28782
28783
28784
28785
28786
28787
28794
28795
28796
28797
28803
28804
28805
28808
28809
28814
28815
28816
28817
28818
28819
28820
28821
28822
28823
28824
28825
28826
28827
28828
28833
28834
28835
28836
28837
28838
28839
28840
28841
28842
28843
28844
28845
28846
28847
28848
28853
28854
28855
28856
28857
28858
28859
28860
28861
28862
28863
28864
28870
28871
28872
28873
28874
28875
28876
28877
28878
28884
28885
28886
28887
28888
28896
28906
28908
28912
28914
28916
28925
28928
28929
28931
28935
28941
28944
28946
28949
28951
28952
28957
28959
28960
28964
29063
29064
29065
29067
29068
29069
29070
29071
29072
29073
29074
29075
29076
29077
29078
29079
29080
29090
29091
29092
29093
29094
29095
29096
29097
29098
29099
29100
29110
29111
29112
29113
29114
29115
29116
29126
29127
29128
29256
29257
29258
29259
29260
29261
29262
29263
29264
29265
29266
29267
29268
29269
29270
29271
29279
29280
29281
29282
29283
29284
29285
29286
29287
29288
29289
29290
29291
29298
29299
29300
29301
29302
29303
29304
29305
29306
29307
29314
29315
29316
29317
29318
29319
29320
29321
29328
29329
29330
29338
29351
29352
29353
29354
29355
29356
29357
29358
29359
29360
29361
29362
29363
29364
29365
29370
29371
29372
29373
29374
29375
29376
29377
29378
29379
29380
29381
29382
29383
29384
29385
29390
29391
29392
29393
29394
29395
29396
29397
29398
29399
29400
29401
29402
29406
29407
29408
29409
29410
29411
29412
29413
29414
29415
29416
29420
29421
29422
29423
29424
29425
29426
29427
29430
29431
29432
29433
29434
29435
29465
29538
29539
29540
29541
29542
29543
29544
29545
29546
29547
29548
29549
29550
29551
29552
29553
29554
29555
29556
29557
29558
29559
29560
29561
29562
29563
29564
29565
29566
29567
29568
29569
29570
29571
29572
29573
29574
29575
29576
29577
29578
29579
29580
29581
29582
29583
29584
29585
29586
29587
29588
29589
29590
29591
29592
29593
29594
29595
29596
29597
29598
29599
29600
29601
29602
29603
29604
29605
29606
29607
29608
29609
29610
29611
29612
29613
29614
29615
29616
29617
29618
29619
29620
29621
29622
29623
29624
29625
29626
29627
29628
29629
29630
29631
29632
29633
29634
29635
29637
29649
29650
29651
29652
29653
29654
29670
29671
29672
29673
29674
29688
29689
29690
29703
29704
29714
29731
29733
29734
29735
29736
29737
29738
29739
29740
29741
29742
29755
29756
29757
29758
29759
29760
29761
29776
29777
29778
29823
29843
29844
29845
29846
29862
29863
29864
29865
29866
29878
29879
29880
29881
29882
29883
29891
29892
29893
29894
29895
29896
29897
29901
29902
29903
29904
29905
29906
29907
29908
29909
29910
29911
29912
29913
29914
29915
29916
29917
29918
29919
29920
29921
29922
29923
29924
29925
29926
29927
29928
29929
29930
29931
29932
29933
29934
29935
29936
29937
29938
29939
29940
29941
29942
29943
29944
29945
29946
29947
29948
29949
29950
29951
29952
29953
29954
29955
29956
29957
29958
29959
29960
29961
29962
29963
29964
29965
29966
29967
29968
29969
29970
29971
29972
29973
29974
29975
29976
29977
29978
29979
29980
29981
29982
29983
29984
29985
29986
29987
29988
29989
29990
29991
29992
29993
29994
29995
29996
29997
29998
29999
30000
30001
30002
30003
30004
30005
30006
30007
30008
30009
30010
30011
30012
30016
30018
30019
30021
30022
30035
30036
30037
30038
30039
30040
30041
30042
30043
30044
30045
30055
30056
30057
30058
30059
30060
30061
30062
30063
30064
30071
30072
30073
30074
30075
30076
30077
30078
30079
30085
30086
30087
30088
30089
30095
30096
30097
30103
30104
30107
30108
30129
30149
30203
30204
30205
30207
30208
30209
30210
30211
30212
30213
30214
30215
30216
30217
30218
30219
30220
30221
30222
30223
30224
30230
30231
30232
30233
30234
30235
30236
30237
30238
30239
30240
30241
30242
30243
30244
30250
30251
30252
30253
30254
30255
30256
30257
30258
30259
30260
30266
30267
30268
30269
30270
30271
30272
30273
30274
30278
30279
30280
30281
30282
30283
30284
30287
30288
30289
30290
30291
30292
30293
30294
30295
30296
30387
30391
30392
30393
30394
30395
30396
30397
30398
30399
30400
30401
30402
30403
30404
30405
30406
30407
30408
30409
30410
30411
30412
30413
30414
30415
30416
30417
30418
30419
30420
30421
30422
30423
30424
30425
30426
30427
30428
30429
30430
30431
30432
30433
30434
30435
30436
30437
30438
30439
30440
30441
30442
30443
30444
30445
30446
30447
30448
30449
30450
30451
30452
30453
30454
30455
30456
30457
30458
30459
30460
30461
30462
30463
30464
30465
30466
30467
30468
30469
30470
30471
30472
30473
30474
30475
30476
30477
30478
30479
30480
30481
30482
30483
30484
30485
30486
30487
30583
30584
30585
30586
30587
30588
30597
30598
30599
30600
30601
30602
30603
30604
30605
30606
30607
30608
30609
30610
30611
30612
30616
30617
30618
30619
30620
30621
30622
30623
30624
30625
30626
30627
30628
30629
30630
30631
30632
30633
30634
30635
30636
30637
30638
30639
30640
30641
30642
30643
30644
30645
30646
30647
30648
30649
30650
30651
30652
30653
30654
30655
30656
30657
30658
30659
30660
30661
30662
30663
30664
30665
30666
30667
30668
30669
30670
30671
30672
30673
30674
30675
30676
30677
30678
30679
30680
30682
30685
30686
30687
30688
30689
30690
30691
30692
30693
30694
30695
30696
30697
30698
30699
30709
30710
30711
30712
30713
30714
30715
30716
30717
30718
30719
30728
30729
30730
30731
30733
30734
30868
30869
30870
30872
30875
30876
30877
30878
30879
30880
30881
30882
30883
30884
30885
30886
30887
30888
30889
30898
30899
30900
30901
30902
30903
30904
30905
30906
30907
30908
30909
30917
30918
30919
30920
30921
30922
30923
30924
30925
30963
30964
30965
30967
30970
30973
30975
30976
30977
30978
30979
30980
30981
30982
30983
30984
30995
30996
30997
30998
30999
31000
31001
31002
31003
31004
31012
31013
31014
31015
31016
31017
31018
31019
31020
31026
31027
31028
31029
31030
31031
31032
31033
31034
31037
31038
31039
31040
31041
31042
31043
31044
31045
31046
31047
31048
31049
31050
31051
31052
31053
31054
31055
31056
31057
31153
31154
31155
31157
31159
31160
31161
31162
31163
31164
31165
31166
31167
31168
31169
31170
31171
31172
31173
31174
31181
31182
31183
31184
31185
31186
31187
31188
31189
31190
31191
31192
31193
31194
31200
31201
31202
31203
31204
31205
31206
31207
31208
31209
31210
31216
31217
31218
31219
31220
31221
31222
31223
31224
31229
31230
31231
31232
31233
31234
31533
31534
31535
31536
31537
31538
31539
31540
31541
31542
31543
31544
31545
31546
31547
31548
31549
31550
31551
31552
31553
31554
31555
31556
31557
31558
31559
31560
31561
31562
31563
31564
31565
31566
31567
31568
31569
31570
31571
31572
31573
31574
31575
31576
31577
31578
31579
31580
31581
31582
31583
31584
31585
31586
31587
31588
31589
31590
31591
31592
31593
31594
31595
31596
31597
31598
31599
31600
31601
31602
31603
31604
31605
31606
31607
31608
31609
31610
31611
31612
31613
31614
31615
31616
31617
31618
31619
31620
31621
31622
31623
31624
31625
31626
31627
31723
31724
31725
31726
31727
31728
31729
31730
31731
31732
31733
31734
31735
31736
31737
31738
31739
31740
31741
31742
31743
31744
31745
31746
31747
31748
31749
31750
31751
31752
31753
31754
31755
31756
31757
31758
31759
31760
31761
31762
31763
31764
31765
31766
31767
31768
31769
31770
31771
31772
31773
31774
31775
31776
31777
31778
31779
31780
31781
31782
31783
31784
31785
31786
31787
31788
31789
31790
31791
31792
31793
31794
31795
31796
31797
31798
31799
31800
31801
31802
31803
31804
31805
31806
31807
31808
31809
31810
31811
31812
31813
31814
31815
31816
31817
31919
31921
31922
31923
31924
31925
31943
31944
32008
32009
32010
32011
32012
32013
32014
32015
32016
32017
32018
32019
32020
32021
32022
32023
32024
32025
32026
32027
32028
32029
32030
32031
32032
32033
32034
32035
32036
32037
32038
32039
32040
32041
32042
32043
32044
32045
32046
32047
32048
32049
32050
32051
32052
32053
32054
32055
32056
32057
32058
32059
32060
32061
32062
32063
32064
32065
32066
32067
32068
32069
32070
32071
32072
32073
32074
32075
32076
32077
32078
32079
32080
32081
32082
32083
32084
32085
32086
32087
32088
32089
32090
32091
32092
32093
32094
32095
32096
32097
32098
32099
32100
32101
32102
32106
32108
32109
32125
32126
32127
32128
32129
32130
32131
32145
32146
32147
32148
32149
32150
32161
32162
32163
32164
32165
32166
32175
32176
32177
32178
32179
32185
32186
32187
32188
32189
32193
32197
32201
32203
32204
32206
32207
32208
32209
32210
32211
32220
32221
32222
32223
32224
32225
32226
32227
32228
32229
32230
32231
32240
32241
32242
32243
32244
32245
32246
32247
32248
32256
32257
32258
32259
32260
32261
32262
32391
32393
32394
32395
32396
32397
32398
32399
32400
32401
32402
32403
32404
32410
32411
32412
32413
32414
32415
32416
32417
32418
32419
32420
32421
32422
32423
32430
32431
32432
32433
32434
32435
32436
32437
32438
32439
32440
32446
32447
32448
32449
32450
32451
32452
32453
32454
32455
32460
32461
32462
32463
32464
32465
32466
32467
32470
32471
32472
32473
32474
32475
32476
32477
32478
32479
32480
32481
32482
32581
32583
32584
32585
32586
32587
32588
32589
32590
32591
32592
32593
32594
32600
32601
32602
32603
32604
32605
32606
32607
32608
32609
32610
32611
32612
32613
32614
32615
32620
32621
32622
32623
32624
32625
32626
32627
32628
32629
32630
32631
32632
32633
32636
32637
32638
32639
32640
32641
32642
32643
32644
32645
32646
32647
32650
32651
32652
32653
32654
32655
32656
32657
32660
32661
32662
32663
32664
32665
32668
32669
32673
32674
32675
32676
32677
32678
32679
32680
32681
32682
32683
32684
32685
32686
32687
32688
32689
32690
32691
32692
32693
32694
32695
32696
32697
32698
32699
32700
32701
32702
32703
32704
32705
32706
32707
32708
32709
32710
32711
32712
32713
32714
32715
32716
32717
32718
32719
32720
32721
32722
32723
32724
32725
32726
32727
32728
32729
32730
32731
32732
32733
32734
32735
32736
32737
32738
32739
32740
32741
32742
32743
32744
32745
32746
32747
32748
32749
32750
32751
32752
32753
32754
32755
32756
32757
32758
32759
32760
32761
32762
32763
32764
32765
32766
32767
33056
33058
33059
33061
33062
33063
33064
33065
33066
33075
33076
33077
33078
33079
33080
33081
33082
33083
33084
33085
33086
33095
33096
33097
33098
33099
33100
33101
33102
33103
33111
33112
33113
33114
33115
33116
33117
33118
33125
33126
33127
33128
33136
33137
34010
34011
34012
34013
34014
34015
34016
34034
34098
34099
34100
34101
34102
34103
34104
34105
34106
34107
34108
34109
34110
34111
34112
34113
34114
34115
34116
34117
34118
34119
34120
34121
34122
34123
34124
34125
34126
34127
34128
34129
34130
34131
34132
34133
34134
34135
34136
34137
34138
34139
34140
34141
34142
34143
34144
34145
34146
34147
34148
34149
34150
34151
34152
34153
34154
34155
34156
34157
34158
34159
34160
34161
34162
34163
34164
34165
34166
34167
34168
34169
34170
34171
34172
34173
34174
34175
34176
34177
34178
34179
34180
34181
34182
34183
34184
34185
34186
34187
34188
34189
34190
34191
34192
34193
34194
34195
34196
34197
34198
34199
34200
34201
34202
34203
34204
34205
34206
34207
34208
34209
34210
34211
34212
34213
34214
34215
34216
34217
34218
34219
34220
34221
34222
34223
34224
34225
34226
34227
34228
34229
34230
34231
34232
34233
34234
34235
34236
34237
34238
34239
34240
34241
34242
34243
34244
34245
34246
34247
34248
34249
34250
34251
34252
34253
34254
34255
34256
34257
34258
34259
34260
34261
34262
34263
34264
34265
34266
34267
34268
34269
34270
34271
34272
34273
34274
34275
34276
34277
34278
34279
34280
34281
34282
34283
34284
34285
34286
34287
34288
34289
34290
34291
34292
34293
34294
34295
34296
34297
34298
34299
34300
34301
34302
34303
34304
34305
34306
34307
34308
34309
34310
34311
34312
34313
34314
34315
34316
34317
34318
34319
34320
34321
34322
34323
34324
34325
34326
34327
34328
34329
34330
34331
34332
34333
34334
34335
34336
34337
34338
34339
34340
34341
34342
34343
34344
34345
34346
34347
34348
34349
34350
34351
34352
34353
34354
34355
34356
34357
34358
34359
34360
34361
34362
34363
34364
34365
34366
34367
34368
34369
34370
34371
34372
34373
34374
34375
34376
34377
34378
34379
34380
34381
34382
34478
34479
34480
34482
34485
34486
34487
34488
34489
34490
34491
34492
34493
34494
34495
34496
34497
34498
34499
34508
34509
34510
34511
34512
34513
34514
34515
34516
34517
34518
34519
34527
34528
34529
34530
34531
34532
34533
34534
34535
34543
34544
34545
34546
34547
34548
34549
34556
34557
34558
34559
34564
34565
34566
34567
34570
34571
34576
34577
34578
34579
34580
34581
34582
34583
34584
34585
34586
34587
34588
34589
34590
34591
34595
34596
34597
34598
34599
34600
34601
34602
34603
34604
34605
34606
34607
34608
34609
34610
34615
34616
34617
34618
34619
34620
34621
34622
34623
34624
34625
34626
34627
34631
34632
34633
34634
34635
34636
34637
34638
34639
34640
34646
34647
34648
34649
34650
34658
34668
34670
34674
34676
34678
34687
34690
34691
34693
34697
34703
34706
34708
34711
34713
34714
34719
34721
34722
34726
34825
34826
34827
34829
34830
34831
34832
34833
34834
34835
34836
34837
34838
34839
34840
34841
34842
34843
34844
34852
34853
34854
34855
34856
34857
34858
34859
34860
34861
34862
34872
34873
34874
34875
34876
34877
34878
34888
34889
34890
35018
35019
35020
35021
35022
35023
35024
35025
35026
35027
35028
35029
35030
35031
35032
35040
35041
35042
35043
35044
35045
35046
35047
35048
35049
35050
35051
35052
35053
35060
35061
35062
35063
35064
35065
35066
35067
35068
35069
35070
35076
35077
35078
35079
35080
35081
35082
35083
35090
35091
35092
35093
35100
35113
35114
35115
35116
35117
35118
35119
35120
35121
35122
35123
35124
35125
35126
35127
35132
35133
35134
35135
35136
35137
35138
35139
35140
35141
35142
35143
35144
35145
35146
35147
35152
35153
35154
35155
35156
35157
35158
35159
35160
35161
35162
35163
35164
35168
35169
35170
35171
35172
35173
35174
35175
35176
35177
35178
35182
35183
35184
35185
35186
35187
35188
35189
35192
35193
35194
35195
35196
35197
35201
35227
35300
35301
35302
35303
35304
35305
35306
35307
35308
35309
35311
35312
35313
35314
35315
35316
35317
35318
35319
35320
35321
35322
35323
35324
35325
35326
35327
35328
35329
35330
35331
35332
35333
35334
35335
35336
35337
35338
35339
35340
35341
35342
35343
35344
35345
35346
35347
35348
35349
35350
35351
35352
35353
35354
35355
35356
35357
35358
35359
35360
35361
35362
35363
35364
35365
35366
35367
35368
35369
35370
35371
35372
35373
35374
35375
35376
35377
35378
35379
35380
35381
35382
35383
35384
35385
35386
35387
35388
35389
35390
35391
35392
35393
35394
35395
35396
35397
35399
35411
35412
35413
35414
35415
35416
35431
35432
35433
35434
35435
35436
35449
35450
35451
35452
35464
35465
35466
35476
35493
35495
35496
35497
35498
35499
35500
35501
35502
35503
35504
35517
35518
35519
35520
35521
35522
35523
35538
35539
35540
35585
35605
35606
35607
35608
35624
35625
35626
35627
35628
35640
35641
35642
35643
35644
35645
35653
35654
35655
35656
35657
35658
35659
35663
35664
35665
35666
35667
35668
35669
35670
35671
35672
35673
35674
35675
35676
35677
35678
35679
35680
35681
35682
35683
35684
35685
35686
35687
35688
35689
35690
35691
35692
35693
35694
35695
35696
35697
35698
35699
35700
35701
35702
35703
35704
35705
35706
35707
35708
35709
35710
35711
35712
35713
35714
35715
35716
35717
35718
35719
35720
35721
35722
35723
35724
35725
35726
35727
35728
35729
35730
35731
35732
35733
35734
35735
35736
35737
35738
35739
35740
35741
35742
35743
35744
35745
35746
35747
35748
35749
35750
35751
35752
35753
35754
35755
35756
35757
35758
35759
35760
35761
35762
35763
35764
35765
35766
35767
35768
35769
35770
35771
35772
35773
35774
35778
35780
35781
35783
35784
35797
35798
35799
35800
35801
35802
35803
35804
35805
35806
35817
35818
35819
35820
35821
35822
35823
35824
35825
35833
35834
35835
35836
35837
35838
35839
35840
35847
35848
35849
35850
35851
35857
35858
35859
35861
35870
35891
35911
35965
35966
35967
35969
35970
35971
35972
35973
35974
35975
35976
35977
35978
35979
35980
35981
35982
35983
35984
35985
35986
35992
35993
35994
35995
35996
35997
35998
35999
36000
36001
36002
36003
36004
36005
36006
36012
36013
36014
36015
36016
36017
36018
36019
36020
36021
36022
36028
36029
36030
36031
36032
36033
36034
36035
36036
36040
36041
36042
36043
36044
36045
36046
36049
36050
36051
36052
36053
36054
36055
36056
36057
36058
36149
36153
36154
36155
36156
36157
36158
36159
36160
36161
36162
36163
36164
36165
36166
36167
36168
36169
36170
36171
36172
36173
36174
36175
36176
36177
36178
36179
36180
36181
36182
36183
36184
36185
36186
36187
36188
36189
36190
36191
36192
36193
36194
36195
36196
36197
36198
36199
36200
36201
36202
36203
36204
36205
36206
36207
36208
36209
36210
36211
36212
36213
36214
36215
36216
36217
36218
36219
36220
36221
36222
36223
36224
36225
36226
36227
36228
36229
36230
36231
36232
36233
36234
36235
36236
36237
36238
36239
36240
36241
36242
36243
36244
36245
36246
36247
36248
36249
36345
36346
36347
36348
36349
36350
36351
36352
36358
36359
36360
36361
36362
36363
36364
36365
36366
36367
36368
36369
36370
36371
36372
36373
36374
36377
36378
36379
36380
36381
36382
36383
36384
36385
36386
36387
36388
36389
36390
36391
36392
36393
36394
36395
36396
36397
36398
36399
36400
36401
36402
36403
36404
36405
36406
36407
36408
36409
36410
36411
36412
36413
36414
36415
36416
36417
36418
36419
36420
36421
36422
36423
36424
36425
36426
36427
36428
36429
36430
36431
36432
36433
36434
36435
36436
36437
36438
36439
36440
36441
36442
36444
36447
36448
36449
36450
36451
36452
36453
36454
36455
36456
36457
36458
36459
36460
36461
36471
36472
36473
36474
36475
36476
36477
36478
36479
36480
36481
36492
36493
36495
36496
36630
36631
36632
36634
36637
36638
36639
36640
36641
36642
36643
36644
36645
36646
36647
36648
36649
36650
36651
36660
36661
36662
36663
36664
36665
36666
36667
36668
36669
36670
36671
36679
36680
36681
36682
36683
36684
36685
36686
36687
36725
36726
36727
36729
36732
36737
36738
36739
36740
36741
36742
36743
36744
36745
36746
36757
36758
36759
36760
36761
36762
36763
36764
36765
36766
36775
36776
36777
36778
36779
36780
36781
36782
36789
36790
36791
36792
36793
36794
36795
36796
36800
36801
36802
36803
36804
36805
36806
36808
36809
36810
36811
36812
36813
36814
36815
36816
36817
36818
36819
36915
36916
36917
36919
36921
36922
36923
36924
36925
36926
36927
36928
36929
36930
36931
36932
36933
36934
36935
36936
36943
36944
36945
36946
36947
36948
36949
36950
36951
36952
36953
36954
36955
36956
36962
36963
36964
36965
36966
36967
36968
36969
36970
36971
36972
36978
36979
36980
36981
36982
36983
36984
36985
36986
36991
36992
36993
36994
36995
36996
37295
37296
37297
37298
37299
37300
37301
37302
37303
37304
37305
37306
37307
37308
37309
37310
37311
37312
37313
37314
37315
37316
37317
37318
37319
37320
37321
37322
37323
37324
37325
37326
37327
37328
37329
37330
37331
37332
37333
37334
37335
37336
37337
37338
37339
37340
37341
37342
37343
37344
37345
37346
37347
37348
37349
37350
37351
37352
37353
37354
37355
37356
37357
37358
37359
37360
37361
37362
37363
37364
37365
37366
37367
37368
37369
37370
37371
37372
37373
37374
37375
37376
37377
37378
37379
37380
37381
37382
37383
37384
37385
37386
37387
37388
37389
37485
37486
37487
37488
37489
37490
37491
37492
37493
37494
37495
37496
37497
37498
37499
37500
37501
37502
37503
37504
37505
37506
37507
37508
37509
37510
37511
37512
37513
37514
37515
37516
37517
37518
37519
37520
37521
37522
37523
37524
37525
37526
37527
37528
37529
37530
37531
37532
37533
37534
37535
37536
37537
37538
37539
37540
37541
37542
37543
37544
37545
37546
37547
37548
37549
37550
37551
37552
37553
37554
37555
37556
37557
37558
37559
37560
37561
37562
37563
37564
37565
37566
37567
37568
37569
37570
37571
37572
37573
37574
37575
37576
37577
37578
37579
37681
37683
37684
37685
37686
37687
37705
37706
37770
37771
37772
37773
37774
37775
37776
37777
37778
37779
37780
37781
37782
37783
37784
37785
37786
37787
37788
37789
37790
37791
37792
37793
37794
37795
37796
37797
37798
37799
37800
37801
37802
37803
37804
37805
37806
37807
37808
37809
37810
37811
37812
37813
37814
37815
37816
37817
37818
37819
37820
37821
37822
37823
37824
37825
37826
37827
37828
37829
37830
37831
37832
37833
37834
37835
37836
37837
37838
37839
37840
37841
37842
37843
37844
37845
37846
37847
37848
37849
37850
37851
37852
37853
37854
37855
37856
37857
37858
37859
37860
37861
37862
37863
37864
37868
37870
37871
37887
37888
37889
37890
37891
37892
37893
37894
37907
37908
37909
37910
37911
37912
37913
37923
37924
37925
37926
37927
37928
37937
37938
37939
37940
37941
37942
37943
37947
37948
37949
37950
37951
37955
37956
37957
37959
37963
37965
37966
37968
37969
37970
37971
37972
37973
37982
37983
37984
37985
37986
37987
37988
37989
37990
37991
37992
37993
38002
38003
38004
38005
38006
38007
38008
38009
38010
38018
38019
38020
38021
38022
38023
38024
38153
38155
38156
38157
38158
38159
38160
38161
38162
38163
38164
38165
38166
38172
38173
38174
38175
38176
38177
38178
38179
38180
38181
38182
38183
38184
38185
38192
38193
38194
38195
38196
38197
38198
38199
38200
38201
38202
38208
38209
38210
38211
38212
38213
38214
38215
38216
38217
38222
38223
38224
38225
38226
38227
38228
38229
38232
38233
38234
38235
38236
38237
38238
38239
38240
38241
38242
38243
38244
38343
38345
38346
38347
38348
38349
38350
38351
38352
38353
38354
38355
38356
38362
38363
38364
38365
38366
38367
38368
38369
38370
38371
38372
38373
38374
38375
38376
38377
38382
38383
38384
38385
38386
38387
38388
38389
38390
38391
38392
38393
38394
38395
38398
38399
38400
38401
38402
38403
38404
38405
38406
38407
38408
38409
38412
38413
38414
38415
38416
38417
38418
38419
38422
38423
38424
38425
38426
38427
38430
38431
38435
38436
38437
38438
38439
38440
38441
38442
38443
38444
38445
38446
38447
38448
38449
38450
38451
38452
38453
38454
38455
38456
38457
38458
38459
38460
38461
38462
38463
38464
38465
38466
38467
38468
38469
38470
38471
38472
38473
38474
38475
38476
38477
38478
38479
38480
38481
38482
38483
38484
38485
38486
38487
38488
38489
38490
38491
38492
38493
38494
38495
38496
38497
38498
38499
38500
38501
38502
38503
38504
38505
38506
38507
38508
38509
38510
38511
38512
38513
38514
38515
38516
38517
38518
38519
38520
38521
38522
38523
38524
38525
38526
38527
38528
38529
38818
38820
38821
38823
38824
38825
38826
38827
38828
38838
38839
38840
38841
38842
38843
38844
38845
38846
38847
38848
38857
38858
38859
38860
38861
38862
38863
38864
38865
38873
38874
38875
38876
38877
38878
38879
38887
38888
38889
38890
38899
39772
39773
39774
39775
39776
39777
39778
39796
39860
39861
39862
39863
39864
39865
39866
39867
39868
39869
39870
39871
39872
39873
39874
39875
39876
39877
39878
39879
39880
39881
39882
39883
39884
39885
39886
39887
39888
39889
39890
39891
39892
39893
39894
39895
39896
39897
39898
39899
39900
39901
39902
39903
39904
39905
39906
39907
39908
39909
39910
39911
39912
39913
39914
39915
39916
39917
39918
39919
39920
39921
39922
39923
39924
39925
39926
39927
39928
39929
39930
39931
39932
39933
39934
39935
39936
39937
39938
39939
39940
39941
39942
39943
39944
39945
39946
39947
39948
39949
39950
39951
39952
39953
39954
39955
39956
39957
39958
39959
39960
39961
39962
39963
39964
39965
39966
39967
39968
39969
39970
39971
39972
39973
39974
39975
39976
39977
39978
39979
39980
39981
39982
39983
39984
39985
39986
39987
39988
39989
39990
39991
39992
39993
39994
39995
39996
39997
39998
39999
40000
40001
40002
40003
40004
40005
40006
40007
40008
40009
40010
40011
40012
40013
40014
40015
40016
40017
40018
40019
40020
40021
40022
40023
40024
40025
40026
40027
40028
40029
40030
40031
40032
40033
40034
40035
40036
40037
40038
40039
40040
40041
40042
40043
40044
40045
40046
40047
40048
40049
40050
40051
40052
40053
40054
40055
40056
40057
40058
40059
40060
40061
40062
40063
40064
40065
40066
40067
40068
40069
40070
40071
40072
40073
40074
40075
40076
40077
40078
40079
40080
40081
40082
40083
40084
40085
40086
40087
40088
40089
40090
40091
40092
40093
40094
40095
40096
40097
40098
40099
40100
40101
40102
40103
40104
40105
40106
40107
40108
40109
40110
40111
40112
40113
40114
40115
40116
40117
40118
40119
40120
40121
40122
40123
40124
40125
40126
40127
40128
40129
40130
40131
40132
40133
40134
40135
40136
40137
40138
40139
40140
40141
40142
40143
40144
40240
40241
40242
40244
40247
40248
40249
40250
40251
40252
40253
40254
40255
40256
40257
40258
40259
40260
40261
40270
40271
40272
40273
40274
40275
40276
40277
40278
40279
40280
40281
40289
40290
40291
40292
40293
40294
40295
40296
40297
40305
40306
40307
40308
40309
40310
40311
40318
40319
40320
40321
40326
40327
40328
40329
40333
40337
40338
40339
40340
40341
40342
40343
40344
40345
40346
40347
40348
40349
40350
40351
40352
40353
40357
40358
40359
40360
40361
40362
40363
40364
40365
40366
40367
40368
40369
40370
40371
40372
40377
40378
40379
40380
40381
40382
40383
40384
40385
40386
40387
40388
40389
40393
40394
40395
40396
40397
40398
40399
40400
40401
40402
40408
40409
40410
40411
40412
40413
40419
40420
40430
40432
40436
40438
40440
40445
40449
40452
40453
40455
40459
40465
40468
40470
40473
40475
40476
40481
40483
40484
40488
40588
40589
40591
40592
40593
40594
40595
40596
40597
40598
40599
40600
40601
40602
40603
40604
40605
40606
40614
40615
40616
40617
40618
40619
40620
40621
40622
40623
40634
40635
40636
40637
40638
40639
40640
40650
40651
40652
40780
40781
40782
40783
40784
40785
40786
40787
40788
40789
40790
40791
40792
40793
40794
40796
40802
40803
40804
40805
40806
40807
40808
40809
40810
40811
40812
40813
40814
40815
40821
40822
40823
40824
40825
40826
40827
40828
40829
40830
40831
40832
40838
40839
40840
40841
40842
40843
40844
40845
40846
40851
40852
40853
40854
40855
40856
40862
40875
40876
40877
40878
40879
40880
40881
40882
40883
40884
40885
40886
40887
40888
40889
40894
40895
40896
40897
40898
40899
40900
40901
40902
40903
40904
40905
40906
40907
40908
40909
40914
40915
40916
40917
40918
40919
40920
40921
40922
40923
40924
40925
40926
40930
40931
40932
40933
40934
40935
40936
40937
40938
40939
40940
40944
40945
40946
40947
40948
40949
40950
40951
40954
40955
40956
40957
40958
40959
40963
40964
40989
41062
41063
41064
41065
41066
41067
41068
41069
41070
41071
41073
41074
41075
41076
41077
41078
41079
41080
41081
41082
41083
41084
41085
41086
41087
41088
41089
41090
41091
41092
41093
41094
41095
41096
41097
41098
41099
41100
41101
41102
41103
41104
41105
41106
41107
41108
41109
41110
41111
41112
41113
41114
41115
41116
41117
41118
41119
41120
41121
41122
41123
41124
41125
41126
41127
41128
41129
41130
41131
41132
41133
41134
41135
41136
41137
41138
41139
41140
41141
41142
41143
41144
41145
41146
41147
41148
41149
41150
41151
41152
41153
41154
41155
41156
41157
41158
41159
41161
41172
41173
41174
41175
41176
41177
41178
41193
41194
41195
41196
41197
41198
41211
41212
41213
41214
41225
41226
41227
41228
41237
41238
41246
41255
41257
41258
41259
41260
41261
41262
41263
41264
41265
41266
41279
41280
41281
41282
41283
41284
41285
41300
41301
41302
41347
41367
41368
41369
41370
41386
41387
41388
41389
41390
41402
41403
41404
41405
41406
41407
41415
41416
41417
41418
41419
41420
41421
41425
41426
41427
41428
41429
41430
41431
41432
41433
41434
41435
41436
41437
41438
41439
41440
41441
41442
41443
41444
41445
41446
41447
41448
41449
41450
41451
41452
41453
41454
41455
41456
41457
41458
41459
41460
41461
41462
41463
41464
41465
41466
41467
41468
41469
41470
41471
41472
41473
41474
41475
41476
41477
41478
41479
41480
41481
41482
41483
41484
41485
41486
41487
41488
41489
41490
41491
41492
41493
41494
41495
41496
41497
41498
41499
41500
41501
41502
41503
41504
41505
41506
41507
41508
41509
41510
41511
41512
41513
41514
41515
41516
41517
41518
41519
41520
41521
41522
41523
41524
41525
41526
41527
41528
41529
41530
41531
41532
41533
41534
41535
41536
41540
41542
41543
41545
41546
41559
41560
41561
41562
41563
41564
41565
41566
41567
41579
41580
41581
41582
41583
41584
41585
41586
41595
41596
41597
41598
41599
41600
41601
41602
41609
41610
41611
41612
41613
41619
41620
41621
41632
41653
41673
41727
41728
41729
41731
41732
41733
41734
41735
41736
41737
41738
41739
41740
41741
41742
41743
41744
41745
41746
41747
41748
41754
41755
41756
41757
41758
41759
41760
41761
41762
41763
41764
41765
41766
41767
41768
41774
41775
41776
41777
41778
41779
41780
41781
41782
41783
41784
41790
41791
41792
41793
41794
41795
41796
41797
41798
41802
41803
41804
41805
41806
41807
41808
41811
41812
41813
41814
41815
41816
41817
41818
41819
41820
41911
41915
41916
41917
41918
41919
41920
41921
41922
41923
41924
41925
41926
41927
41928
41929
41930
41931
41932
41933
41934
41935
41936
41937
41938
41939
41940
41941
41942
41943
41944
41945
41946
41947
41948
41949
41950
41951
41952
41953
41954
41955
41956
41957
41958
41959
41960
41961
41962
41963
41964
41965
41966
41967
41968
41969
41970
41971
41972
41973
41974
41975
41976
41977
41978
41979
41980
41981
41982
41983
41984
41985
41986
41987
41988
41989
41990
41991
41992
41993
41994
41995
41996
41997
41998
41999
42000
42001
42002
42003
42004
42005
42006
42007
42008
42009
42010
42011
42107
42108
42109
42110
42111
42112
42113
42114
42120
42121
42122
42123
42124
42125
42126
42127
42128
42129
42130
42131
42132
42133
42134
42135
42136
42137
42139
42140
42141
42142
42143
42144
42145
42146
42147
42148
42149
42150
42151
42152
42153
42154
42155
42156
42157
42158
42159
42160
42161
42162
42163
42164
42165
42166
42167
42168
42169
42170
42171
42172
42173
42174
42175
42176
42177
42178
42179
42180
42181
42182
42183
42184
42185
42186
42187
42188
42189
42190
42191
42192
42193
42194
42195
42196
42197
42198
42199
42200
42201
42202
42203
42204
42206
42209
42211
42212
42213
42214
42215
42216
42217
42218
42219
42220
42221
42222
42223
42233
42236
42237
42238
42240
42241
42242
42243
42257
42392
42393
42394
42396
42399
42400
42401
42402
42403
42404
42405
42406
42407
42408
42409
42410
42411
42412
42413
42422
42423
42424
42425
42426
42427
42428
42429
42430
42431
42432
42433
42441
42442
42443
42444
42445
42446
42447
42448
42449
42487
42488
42489
42491
42494
42499
42500
42501
42502
42503
42504
42505
42506
42507
42508
42520
42521
42522
42523
42524
42525
42526
42527
42528
42537
42538
42539
42540
42541
42542
42543
42544
42551
42552
42553
42554
42555
42556
42557
42558
42562
42563
42564
42565
42566
42567
42568
42570
42571
42572
42573
42574
42575
42576
42577
42578
42579
42580
42581
42677
42678
42679
42681
42683
42684
42685
42686
42687
42688
42689
42690
42691
42692
42693
42694
42695
42696
42697
42698
42705
42706
42707
42708
42709
42710
42711
42712
42713
42714
42715
42716
42717
42718
42724
42725
42726
42727
42728
42729
42730
42731
42732
42733
42734
42740
42741
42742
42743
42744
42745
42746
42747
42748
42753
42754
42755
42756
42757
42758
43057
43058
43059
43060
43061
43062
43063
43064
43065
43066
43067
43068
43069
43070
43071
43072
43073
43074
43075
43076
43077
43078
43079
43080
43081
43082
43083
43084
43085
43086
43087
43088
43089
43090
43091
43092
43093
43094
43095
43096
43097
43098
43099
43100
43101
43102
43103
43104
43105
43106
43107
43108
43109
43110
43111
43112
43113
43114
43115
43116
43117
43118
43119
43120
43121
43122
43123
43124
43125
43126
43127
43128
43129
43130
43131
43132
43133
43134
43135
43136
43137
43138
43139
43140
43141
43142
43143
43144
43145
43146
43147
43148
43149
43150
43151
43247
43248
43249
43250
43251
43252
43253
43254
43255
43256
43257
43258
43259
43260
43261
43262
43263
43264
43265
43266
43267
43268
43269
43270
43271
43272
43273
43274
43275
43276
43277
43278
43279
43280
43281
43282
43283
43284
43285
43286
43287
43288
43289
43290
43291
43292
43293
43294
43295
43296
43297
43298
43299
43300
43301
43302
43303
43304
43305
43306
43307
43308
43309
43310
43311
43312
43313
43314
43315
43316
43317
43318
43319
43320
43321
43322
43323
43324
43325
43326
43327
43328
43329
43330
43331
43332
43333
43334
43335
43336
43337
43338
43339
43340
43341
43443
43445
43446
43447
43448
43449
43467
43468
43532
43533
43534
43535
43536
43537
43538
43539
43540
43541
43542
43543
43544
43545
43546
43547
43548
43549
43550
43551
43552
43553
43554
43555
43556
43557
43558
43559
43560
43561
43562
43563
43564
43565
43566
43567
43568
43569
43570
43571
43572
43573
43574
43575
43576
43577
43578
43579
43580
43581
43582
43583
43584
43585
43586
43587
43588
43589
43590
43591
43592
43593
43594
43595
43596
43597
43598
43599
43600
43601
43602
43603
43604
43605
43606
43607
43608
43609
43610
43611
43612
43613
43614
43615
43616
43617
43618
43619
43620
43621
43622
43623
43624
43625
43626
43630
43632
43633
43649
43650
43651
43652
43653
43654
43655
43656
43669
43670
43671
43672
43673
43674
43675
43685
43686
43687
43688
43689
43690
43691
43699
43700
43701
43702
43703
43704
43705
43709
43710
43711
43712
43713
43717
43718
43719
43721
43725
43727
43728
43730
43731
43732
43733
43734
43735
43744
43745
43746
43747
43748
43749
43750
43751
43752
43753
43754
43755
43764
43765
43766
43767
43768
43769
43770
43771
43772
43780
43781
43782
43783
43784
43785
43786
43915
43917
43918
43919
43920
43921
43922
43923
43924
43925
43926
43927
43928
43934
43935
43936
43937
43938
43939
43940
43941
43942
43943
43944
43945
43946
43947
43954
43955
43956
43957
43958
43959
43960
43961
43962
43963
43964
43970
43971
43972
43973
43974
43975
43976
43977
43978
43979
43984
43985
43986
43987
43988
43989
43990
43991
43994
43995
43996
43997
43998
43999
44000
44001
44002
44003
44004
44005
44006
44105
44107
44108
44109
44110
44111
44112
44113
44114
44115
44116
44117
44118
44124
44125
44126
44127
44128
44129
44130
44131
44132
44133
44134
44135
44136
44137
44138
44139
44144
44145
44146
44147
44148
44149
44150
44151
44152
44153
44154
44155
44156
44157
44160
44161
44162
44163
44164
44165
44166
44167
44168
44169
44170
44171
44174
44175
44176
44177
44178
44179
44180
44181
44182
44184
44185
44186
44187
44188
44189
44192
44193
44194
44197
44198
44199
44200
44201
44202
44203
44204
44205
44206
44207
44208
44209
44210
44211
44212
44213
44214
44215
44216
44217
44218
44219
44220
44221
44222
44223
44224
44225
44226
44227
44228
44229
44230
44231
44232
44233
44234
44235
44236
44237
44238
44239
44240
44241
44242
44243
44244
44245
44246
44247
44248
44249
44250
44251
44252
44253
44254
44255
44256
44257
44258
44259
44260
44261
44262
44263
44264
44265
44266
44267
44268
44269
44270
44271
44272
44273
44274
44275
44276
44277
44278
44279
44280
44281
44282
44283
44284
44285
44286
44287
44288
44289
44290
44291
44580
44582
44583
44585
44586
44587
44588
44589
44590
44600
44601
44602
44603
44604
44605
44606
44607
44608
44609
44619
44620
44621
44622
44623
44624
44625
44626
44635
44636
44637
44638
44639
44640
44641
44649
44650
44651
44652
44662
45534
45535
45536
45537
45538
45539
45558
45622
45623
45624
45625
45626
45627
45628
45629
45630
45631
45632
45633
45634
45635
45636
45637
45638
45639
45640
45641
45642
45643
45644
45645
45646
45647
45648
45649
45650
45651
45652
45653
45654
45655
45656
45657
45658
45659
45660
45661
45662
45663
45664
45665
45666
45667
45668
45669
45670
45671
45672
45673
45674
45675
45676
45677
45678
45679
45680
45681
45682
45683
45684
45685
45686
45687
45688
45689
45690
45691
45692
45693
45694
45695
45696
45697
45698
45699
45700
45701
45702
45703
45704
45705
45706
45707
45708
45709
45710
45711
45712
45713
45714
45715
45716
45717
45718
45719
45720
45721
45722
45723
45724
45725
45726
45727
45728
45729
45730
45731
45732
45733
45734
45735
45736
45737
45738
45739
45740
45741
45742
45743
45744
45745
45746
45747
45748
45749
45750
45751
45752
45753
45754
45755
45756
45757
45758
45759
45760
45761
45762
45763
45764
45765
45766
45767
45768
45769
45770
45771
45772
45773
45774
45775
45776
45777
45778
45779
45780
45781
45782
45783
45784
45785
45786
45787
45788
45789
45790
45791
45792
45793
45794
45795
45796
45797
45798
45799
45800
45801
45802
45803
45804
45805
45806
45807
45808
45809
45810
45811
45812
45813
45814
45815
45816
45817
45818
45819
45820
45821
45822
45823
45824
45825
45826
45827
45828
45829
45830
45831
45832
45833
45834
45835
45836
45837
45838
45839
45840
45841
45842
45843
45844
45845
45846
45847
45848
45849
45850
45851
45852
45853
45854
45855
45856
45857
45858
45859
45860
45861
45862
45863
45864
45865
45866
45867
45868
45869
45870
45871
45872
45873
45874
45875
45876
45877
45878
45879
45880
45881
45882
45883
45884
45885
45886
45887
45888
45889
45890
45891
45892
45893
45894
45895
45896
45897
45898
45899
45900
45901
45902
45903
45904
45905
45906
46002
46003
46004
46006
46009
46010
46011
46012
46013
46014
46015
46016
46017
46018
46019
46020
46021
46022
46023
46033
46034
46035
46036
46037
46038
46039
46040
46041
46042
46043
46052
46053
46054
46055
46056
46057
46058
46059
46067
46068
46069
46070
46071
46072
46073
46080
46081
46082
46083
46088
46089
46090
46091
